place_id,name,description,is_spending_on_ads,reviews,competitors,website,owner_name,owner_profile_link,featured_image,main_category,categories,rating,workday_timing,closed_on,phone,address,review_keywords,link
ChIJt4QKV9fsvDgRfQPWXST8iGI,"""Oqshom"" choyxonasi",,False,22,"Name: ""Movarounnahr"" Choyxonasi
link: https://www.google.com/maps/search/%22Movarounnahr%22+Choyxonasi/@40.753105399999995,72.35864699999999?authuser=0&hl=nl&entry=ttu
Reviews: 58 reviews

Name: ""Vatan"" choyxonasi
link: https://www.google.com/maps/search/%22Vatan%22+choyxonasi/@40.7529195,72.3379264?authuser=0&hl=nl&entry=ttu
Reviews: 49 reviews

Name: ""Andijon City"" choyxona
link: https://www.google.com/maps/search/%22Andijon+City%22+choyxona/@40.7617067,72.3610982?authuser=0&hl=nl&entry=ttu
Reviews: 33 reviews

Name: ""Tabassum"" choyxonasi
link: https://www.google.com/maps/search/%22%D0%A2%D0%B0%D0%B1%D0%B0%D1%81%D1%81%D1%83%D0%BC%22+choyxonasi/@40.7873842,72.3165595?authuser=0&hl=nl&entry=ttu
Reviews: 24 reviews

Name: OMAD CHOYXONASI
link: https://www.google.com/maps/search/OMAD+CHOYXONASI/@40.7585598,72.33606879999999?authuser=0&hl=nl&entry=ttu
Reviews: 6 reviews",https://instagram.com/oqshom_choyhonasi%3Figshid%3DNzZlODBkYWE4Ng%3D%3D,"""Oqshom"" choyxonasi (eigenaar)",https://www.google.com/maps/contrib/116825115129418243960,https://lh5.googleusercontent.com/p/AF1QipPv3O6sHeLyF5ubc6UNKh15lk7B8iBPDKAy3yQO=w408-h544-k-no,Theehuis,Theehuis,4.4,10:00-23:00,Open All Days,+998 90 253 20 20,"""Oqshom"" choyxonasi, 125 Mashrab ko`chasi, Andijan 170100, Oezbekistan",,https://www.google.com/maps/place/%22Oqshom%22+choyxonasi/data=!4m7!3m6!1s0x38bcecd7570a84b7:0x6288fc245dd6037d!8m2!3d40.7505006!4d72.3429315!16s%2Fg%2F11ggsnbvrh!19sChIJt4QKV9fsvDgRfQPWXST8iGI?authuser=0&hl=nl&rclk=1
ChIJbSAG63aVvDgRYdZ2bveuw2c,Bellissimo Pizza,,False,18,"Name: Chopar Pizza
link: https://www.google.com/maps/search/Chopar+Pizza/@40.7863033,72.3488617?authuser=0&hl=nl&entry=ttu
Reviews: 73 reviews

Name: Burger Time
link: https://www.google.com/maps/search/Burger+Time/@40.7639828,72.35530589999999?authuser=0&hl=nl&entry=ttu
Reviews: 13 reviews

Name: Bellissimo Pizza Navruz
link: https://www.google.com/maps/search/Bellissimo+Pizza+Navruz/@40.7514713,72.36334719999999?authuser=0&hl=nl&entry=ttu
Reviews: 5 reviews

Name: Gemba pizza sushi Andijan
link: https://www.google.com/maps/search/Gemba+pizza+sushi+Andijan/@40.8153561,72.28375?authuser=0&hl=nl&entry=ttu
Reviews: 4 reviews

Name: Pizza italiano
link: https://www.google.com/maps/search/Pizza+italiano/@40.7643857,72.3548103?authuser=0&hl=nl&entry=ttu
Reviews: 2 reviews",https://bellissimo.uz/,Bellissimo Pizza (eigenaar),https://www.google.com/maps/contrib/104449061413495756117,https://lh5.googleusercontent.com/p/AF1QipN03nIbhOEebn9GtUDJ634Mm4Y7O37RP08tIlo-=w426-h240-k-no,Pizzeria,"Pizzeria, Cafe, Koffiebar, Koffiestand, Dessertrestaurant, Maaltijdbezorging, Pizza aan huis, Afhaalpizza",3.1,,Open All Days,+998 71 203 66 66,"Bellissimo Pizza, ulitsa Eski Shakhar, Andijan, Oezbekistan",,https://www.google.com/maps/place/Bellissimo+Pizza/data=!4m7!3m6!1s0x38bc9576eb06206d:0x67c3aef76e76d661!8m2!3d40.8153561!4d72.28375!16s%2Fg%2F11qmp2klf5!19sChIJbSAG63aVvDgRYdZ2bveuw2c?authuser=0&hl=nl&rclk=1
ChIJFXhLQs3rvDgRmim0lWyED2o,Gumbaz Burger,,False,5,"Name: Gumbaz. Parxez Taomlari
link: https://www.google.com/maps/search/Gumbaz.+Parxez+Taomlari/@40.8039182,72.3336097?authuser=0&hl=nl&entry=ttu
Reviews: 99 reviews

Name: Gumbaz Restaurant
link: https://www.google.com/maps/search/Gumbaz+Restaurant/@40.764287499999995,72.3527246?authuser=0&hl=nl&entry=ttu
Reviews: 50 reviews

Name: KAFE UZ DIYOR
link: https://www.google.com/maps/search/KAFE+UZ+DIYOR/@40.7968183,72.3328817?authuser=0&hl=nl&entry=ttu
Reviews: 14 reviews

Name: Ali Burger
link: https://www.google.com/maps/search/Ali+Burger/@40.8023984,72.3322637?authuser=0&hl=nl&entry=ttu
Reviews: 4 reviews

Name: Gumus
link: https://www.google.com/maps/search/G%C3%BCm%C3%BCs/@40.7908506,72.3322862?authuser=0&hl=nl&entry=ttu
Reviews: 0 reviews",http://gumbazburger.uz/,Gumbaz Burger (eigenaar),,https://lh5.googleusercontent.com/p/AF1QipNUqaYQ2c6P-YF3ijEWLdW7dU6is0FSdHzOU9DO=w408-h306-k-no,Koffiebar,Koffiebar,4.4,,Open All Days,,"R82J+PWV Gumbaz Burger, Andijan, Oezbekistan",,https://www.google.com/maps/place/Gumbaz+Burger/data=!4m7!3m6!1s0x38bcebcd424b7815:0x6a0f846c95b4299a!8m2!3d40.8018663!4d72.3323055!16s%2Fg%2F11rfwgh3y4!19sChIJFXhLQs3rvDgRmim0lWyED2o?authuser=0&hl=nl&rclk=1
ChIJT5o_KcTtvDgRjMr0eeVQJdo,Bellissimo Pizza Navruz,,False,5,"Name: BAL'ZAC
link: https://www.google.com/maps/search/BAL%27ZAC/@40.7508376,72.35368989999999?authuser=0&hl=nl&entry=ttu
Reviews: 40 reviews

Name: Khanpizza
link: https://www.google.com/maps/search/Khanpizza/@40.7476483,72.3459031?authuser=0&hl=nl&entry=ttu
Reviews: 15 reviews

Name: Gemba pizza sushi Andijan
link: https://www.google.com/maps/search/Gemba+pizza+sushi+Andijan/@40.8153561,72.28375?authuser=0&hl=nl&entry=ttu
Reviews: 4 reviews

Name: Pizza italiano
link: https://www.google.com/maps/search/Pizza+italiano/@40.7643857,72.3548103?authuser=0&hl=nl&entry=ttu
Reviews: 2 reviews

Name: Bellissimo Pizza Ozbegim
link: https://www.google.com/maps/search/Bellissimo+Pizza+Ozbegim/@40.786201,72.34883099999999?authuser=0&hl=nl&entry=ttu
Reviews: 0 reviews",https://bellissimo.uz/,Bellissimo Pizza Navruz (eigenaar),https://www.google.com/maps/contrib/105356647144330494895,https://lh5.googleusercontent.com/p/AF1QipP1uQ5XEiokgjtARs_621YjzX0ci9GMYms4sBx1=w427-h240-k-no,Pizzeria,"Pizzeria, Cafe, Koffiebar, Koffiestand, Dessertrestaurant, Snackbar, Maaltijdbezorging, Pizza aan huis, Afhaalpizza",4,10:00-22:50,Open All Days,+998 71 203 66 66,"Bellissimo Pizza Navruz, 62 ulitsa Mashraba, Andijan, Oezbekistan",,https://www.google.com/maps/place/Bellissimo+Pizza+Navruz/data=!4m7!3m6!1s0x38bcedc4293f9a4f:0xda2550e579f4ca8c!8m2!3d40.7514713!4d72.3633472!16s%2Fg%2F11tp4g_51_!19sChIJT5o_KcTtvDgRjMr0eeVQJdo?authuser=0&hl=nl&rclk=1
ChIJJ_c1slztvDgRdPhL36qH-aw,Appetit,,False,4,"Name: ""Andijon City"" choyxona
link: https://www.google.com/maps/search/%22Andijon+City%22+choyxona/@40.7617067,72.3610982?authuser=0&hl=nl&entry=ttu
Reviews: 33 reviews

Name: Cafe Magnit
link: https://www.google.com/maps/search/Cafe+Magnit/@40.7547305,72.3569857?authuser=0&hl=nl&entry=ttu
Reviews: 29 reviews

Name: AbuDiabi
link: https://www.google.com/maps/search/AbuDiabi/@40.751629,72.3639192?authuser=0&hl=nl&entry=ttu
Reviews: 2 reviews

Name: Basilic
link: https://www.google.com/maps/search/Basilic/@40.7527557,72.35853829999999?authuser=0&hl=nl&entry=ttu
Reviews: 2 reviews",https://instagram.com/appetit_burger,Appetit (eigenaar),,https://lh5.googleusercontent.com/p/AF1QipMYQtJdC9oaakYhRmtujS_tw1ENIMqfvwjOk_pZ=w408-h408-k-no,Cafe,Cafe,4.8,09:00-02:00,Open All Days,+998 95 810 20 20,"Appetit, Andijon 170100, Oezbekistan",,https://www.google.com/maps/place/Appetit/data=!4m7!3m6!1s0x38bced5cb235f727:0xacf987aadf4bf874!8m2!3d40.7480978!4d72.3631736!16s%2Fg%2F11kb9f4ghq!19sChIJJ_c1slztvDgRdPhL36qH-aw?authuser=0&hl=nl&rclk=1
ChIJY502vvHrvDgRPAZdGpTvScM,Mega_andijan,,False,3,"Name: Cafe Magnit
link: https://www.google.com/maps/search/Cafe+Magnit/@40.7547305,72.3569857?authuser=0&hl=nl&entry=ttu
Reviews: 29 reviews

Name: OXXO KAFE
link: https://www.google.com/maps/search/OXXO+KAFE/@40.7441014,72.3353788?authuser=0&hl=nl&entry=ttu
Reviews: 11 reviews

Name: Milkone coffee
link: https://www.google.com/maps/search/Milkone+coffee/@40.7508701,72.3372241?authuser=0&hl=nl&entry=ttu
Reviews: 4 reviews

Name: Mega andijon
link: https://www.google.com/maps/search/Mega+andijon/@40.8025768,72.3325497?authuser=0&hl=nl&entry=ttu
Reviews: 1 reviews",https://instagram.com/mega_andijan%3Figshid%3DMzRlODBiNWFlZA%3D%3D,Mega_andijan (eigenaar),https://www.google.com/maps/contrib/113951538532355312496,https://lh5.googleusercontent.com/p/AF1QipPe1GMWV1sMRopC872aguUX2G8gz0OQudzG9jB9=w408-h725-k-no,Koffiebar,Koffiebar,5,07:00-03:00,Open All Days,+998 95 202 22 33,"Mega_andijan, Andijan, Oezbekistan",,https://www.google.com/maps/place/Mega_andijan/data=!4m7!3m6!1s0x38bcebf1be369d63:0xc349ef941a5d063c!8m2!3d40.7888663!4d72.3319606!16s%2Fg%2F11s9hz_6_w!19sChIJY502vvHrvDgRPAZdGpTvScM?authuser=0&hl=nl&rclk=1
ChIJ53Tsk33rvDgRE-70ojc-vTY,VILKA FOOD,,False,1,"Name: Ajva
link: https://www.google.com/maps/search/Ajva/@40.7997708,72.3450984?authuser=0&hl=nl&entry=ttu
Reviews: 8 reviews

Name: Green Food cafe
link: https://www.google.com/maps/search/Green+Food+cafe/@40.7717722,72.3596079?authuser=0&hl=nl&entry=ttu
Reviews: 3 reviews

Name: Fayzullo oshxonasi
link: https://www.google.com/maps/search/Fayzullo+oshxonasi/@40.7986754,72.35702049999999?authuser=0&hl=nl&entry=ttu
Reviews: 0 reviews

Name: Ishhona
link: https://www.google.com/maps/search/Ishhona/@40.8153561,72.28375?authuser=0&hl=nl&entry=ttu
Reviews: 0 reviews",https://instagram.com/vilka.fast.klochkovskaya%3Futm_medium%3Dcopy_link,VILKA FOOD (eigenaar),,https://lh5.googleusercontent.com/p/AF1QipO7gPrTvyTLlDZi7ewqfEydrXxmybBBhJa9vR-b=w426-h240-k-no,Cafe,Cafe,5,,Open All Days,,"R83R+H2X VILKA FOOD, Andijon, Oezbekistan",,https://www.google.com/maps/place/VILKA+FOOD/data=!4m7!3m6!1s0x38bceb7d93ec74e7:0x36bd3e37a2f4ee13!8m2!3d40.8039978!4d72.34011!16s%2Fg%2F11rhdxbcj0!19sChIJ53Tsk33rvDgRE-70ojc-vTY?authuser=0&hl=nl&rclk=1
ChIJO2yo-i6TvDgROwNMnwpeJOQ,Coffee moffe,,False,,,https://instagram.com/coffee.moffe.uz%3Figshid%3DOGQ5ZDc2ODk2ZA%3D%3D,Coffee moffe (eigenaar),,https://lh5.googleusercontent.com/p/AF1QipP7tOBs-tOlwla6B5YZgLjCtWNkNjMYBnyDMN7F=w408-h408-k-no,Koffiebar,Koffiebar,,24 uur geopend,Open All Days,+998 99 584 57 57,"Q82G+3GX Coffee moffe, Andijan, Oezbekistan",,https://www.google.com/maps/place/Coffee+moffe/data=!4m7!3m6!1s0x38bc932efaa86c3b:0xe4245e0a9f4c033b!8m2!3d40.7502311!4d72.3263594!16s%2Fg%2F11l2m55pj1!19sChIJO2yo-i6TvDgROwNMnwpeJOQ?authuser=0&hl=nl&rclk=1
ChIJu1w-nKjtvDgRMo4CRHMBJZ8,WAFL,,False,,"Name: Fayz Juice
link: https://www.google.com/maps/search/Fayz+Juice/@40.7598201,72.3343723?authuser=0&hl=nl&entry=ttu
Reviews: 3 reviews

Name: AFNA market
link: https://www.google.com/maps/search/AFNA+market/@40.769062600000005,72.3424121?authuser=0&hl=nl&entry=ttu
Reviews: 2 reviews

Name: Dunya tatlisi cafe
link: https://www.google.com/maps/search/D%C3%BCnya+tatl%C4%B1s%C4%B1+cafe/@40.7537046,72.3577231?authuser=0&hl=nl&entry=ttu
Reviews: 1 reviews

Name: Zam zam cafe
link: https://www.google.com/maps/search/Zam+zam+cafe/@40.7571971,72.3550425?authuser=0&hl=nl&entry=ttu
Reviews: 1 reviews

Name: Magnus
link: https://www.google.com/maps/search/Magnus/@40.760043599999996,72.3539041?authuser=0&hl=nl&entry=ttu
Reviews: 0 reviews",https://instagram.com/wafluzb,WAFL (eigenaar),,,IJssalon,IJssalon,,10:00-23:00,Open All Days,,"Q963+W69 WAFL, Andijan, Oezbekistan",,https://www.google.com/maps/place/WAFL/data=!4m7!3m6!1s0x38bceda89c3e5cbb:0x9f25017344028e32!8m2!3d40.7622822!4d72.3530997!16s%2Fg%2F11ryrjr2l9!19sChIJu1w-nKjtvDgRMo4CRHMBJZ8?authuser=0&hl=nl&rclk=1
ChIJU4CyAtnsvDgR_LvXniTBUOw,EVOS,,False,159,"Name: Cafe Iris
link: https://www.google.com/maps/search/Cafe+Iris/@40.7555305,72.3563343?authuser=0&hl=nl&entry=ttu
Reviews: 103 reviews

Name: Fast Food (Mister Abi)
link: https://www.google.com/maps/search/Fast+Food+%28Mister+Abi%29/@40.743382,72.3295151?authuser=0&hl=nl&entry=ttu
Reviews: 6 reviews

Name: EVOS Navruz Mall
link: https://www.google.com/maps/search/EVOS+%D0%9D%D0%B0%D0%B2%D1%80%D1%83%D0%B7+Mall/@40.751529399999995,72.3636808?authuser=0&hl=nl&entry=ttu
Reviews: 5 reviews

Name: Gemba pizza sushi Andijan
link: https://www.google.com/maps/search/Gemba+pizza+sushi+Andijan/@40.8153561,72.28375?authuser=0&hl=nl&entry=ttu
Reviews: 4 reviews

Name: La somsa Andijan
link: https://www.google.com/maps/search/La+somsa+Andijan/@40.7440508,72.3480155?authuser=0&hl=nl&entry=ttu
Reviews: 0 reviews",,EVOS (eigenaar),https://www.google.com/maps/contrib/106590325318262427548,https://lh5.googleusercontent.com/p/AF1QipNYvcNye4PxosD0dRlAVhK8DXBdCm7EkwmzPxgG=w408-h305-k-no,Cafe,Cafe,3.7,09:00-03:00,Open All Days,+998 71 203 12 12,"EVOS, Andijan, Oezbekistan","fastfood, lavash, cheeseburger",https://www.google.com/maps/place/EVOS/data=!4m7!3m6!1s0x38bcecd902b28053:0xec50c1249ed7bbfc!8m2!3d40.7492067!4d72.3466414!16s%2Fg%2F11c1xhzg8h!19sChIJU4CyAtnsvDgR_LvXniTBUOw?authuser=0&hl=nl&rclk=1
ChIJKxuY8KbsvDgR9_xpD1osx4g,Kafe Yalla,,False,88,"Name: Kafe "" YULDUZ ""
link: https://www.google.com/maps/search/Kafe+%22+YULDUZ+%22/@40.7521906,72.3397702?authuser=0&hl=nl&entry=ttu
Reviews: 42 reviews

Name: Uzbechka Andijan
link: https://www.google.com/maps/search/Uzbechka+Andijan/@40.751683799999995,72.34196930000002?authuser=0&hl=nl&entry=ttu
Reviews: 40 reviews

Name: UZ KAFE
link: https://www.google.com/maps/search/UZ+KAFE/@40.7852933,72.3467309?authuser=0&hl=nl&entry=ttu
Reviews: 14 reviews

Name: CAFE FRIENDS
link: https://www.google.com/maps/search/CAFE+FRIENDS/@40.7602054,72.33437889999999?authuser=0&hl=nl&entry=ttu
Reviews: 14 reviews

Name: Non Kabob
link: https://www.google.com/maps/search/Non+Kabob/@40.782726,72.3325067?authuser=0&hl=nl&entry=ttu
Reviews: 4 reviews",,Kafe Yalla (eigenaar),https://www.google.com/maps/contrib/117572824653618929584,https://lh5.googleusercontent.com/p/AF1QipNHXtsaUFQqR7Hrskr5SDWJbL3suUcyGPx4NxE=w408-h839-k-no,Cafe,Cafe,4.1,09:00-18:30,Open All Days,+998 90 200 53 53,"Kafe Yalla, Andijan, Oezbekistan",lavash,https://www.google.com/maps/place/Kafe+Yalla/data=!4m7!3m6!1s0x38bceca6f0981b2b:0x88c72c5a0f69fcf7!8m2!3d40.7828595!4d72.3463673!16s%2Fg%2F11c7sqz9t4!19sChIJKxuY8KbsvDgR9_xpD1osx4g?authuser=0&hl=nl&rclk=1
ChIJZ7THNuHsvDgRQIdLoog3-cU,"""Movarounnahr"" Choyxonasi",,False,58,"Name: ""Vatan"" choyxonasi
link: https://www.google.com/maps/search/%22Vatan%22+choyxonasi/@40.7529195,72.3379264?authuser=0&hl=nl&entry=ttu
Reviews: 49 reviews

Name: ""Andijon City"" choyxona
link: https://www.google.com/maps/search/%22Andijon+City%22+choyxona/@40.7617067,72.3610982?authuser=0&hl=nl&entry=ttu
Reviews: 33 reviews

Name: ""Anvarota"" choyxonasi
link: https://www.google.com/maps/search/%22Anvarota%22+choyxonasi/@40.789424600000004,72.3445405?authuser=0&hl=nl&entry=ttu
Reviews: 28 reviews

Name: ""Navro'z"" choyxonasi
link: https://www.google.com/maps/search/%22Navro%27z%22+choyxonasi/@40.749711399999995,72.3246187?authuser=0&hl=nl&entry=ttu
Reviews: 22 reviews

Name: ""Oqshom"" choyxonasi
link: https://www.google.com/maps/search/%22Oqshom%22+choyxonasi/@40.750500599999995,72.34293149999999?authuser=0&hl=nl&entry=ttu
Reviews: 22 reviews",,"""Movarounnahr"" Choyxonasi (eigenaar)",https://www.google.com/maps/contrib/100925864687467179541,https://lh5.googleusercontent.com/p/AF1QipMIZ8Bv6mAQSUI7wZK3r1HycVMiWGLDDkYi0IbL=w408-h306-k-no,Theehuis,"Theehuis, Restaurant",4.5,10:00-23:00,Open All Days,+998 90 571 01 01,"""Movarounnahr"" Choyxonasi, Andijan, Oezbekistan",,https://www.google.com/maps/place/%22Movarounnahr%22+Choyxonasi/data=!4m7!3m6!1s0x38bcece136c7b467:0xc5f93788a24b8740!8m2!3d40.7531054!4d72.358647!16s%2Fg%2F11c718g1w1!19sChIJZ7THNuHsvDgRQIdLoog3-cU?authuser=0&hl=nl&rclk=1
ChIJ7XRBp9TtvDgRGC38FfEPuj0,"""Vatan"" choyxonasi",,False,49,"Name: ""Movarounnahr"" Choyxonasi
link: https://www.google.com/maps/search/%22Movarounnahr%22+Choyxonasi/@40.753105399999995,72.35864699999999?authuser=0&hl=nl&entry=ttu
Reviews: 58 reviews

Name: ""Diior"" choyxonasi
link: https://www.google.com/maps/search/%22%D0%94%D0%B8%D1%91%D1%80%22+choyxonasi/@40.7662177,72.3561947?authuser=0&hl=nl&entry=ttu
Reviews: 40 reviews

Name: ""Andijon City"" choyxona
link: https://www.google.com/maps/search/%22Andijon+City%22+choyxona/@40.7617067,72.3610982?authuser=0&hl=nl&entry=ttu
Reviews: 33 reviews

Name: ""Anvarota"" choyxonasi
link: https://www.google.com/maps/search/%22Anvarota%22+choyxonasi/@40.789424600000004,72.3445405?authuser=0&hl=nl&entry=ttu
Reviews: 28 reviews

Name: ""Navro'z"" choyxonasi
link: https://www.google.com/maps/search/%22Navro%27z%22+choyxonasi/@40.749711399999995,72.3246187?authuser=0&hl=nl&entry=ttu
Reviews: 22 reviews",,"""Vatan"" choyxonasi (eigenaar)",,https://lh5.googleusercontent.com/p/AF1QipMnfS8sNtacFNHBbgdkABfXmYE7kO-0TvwD_IiO=w426-h240-k-no,Theehuis,"Theehuis, Cafe",4.5,07:00-00:00,Open All Days,+998 90 544 40 40,"Q83Q+557 ""Vatan"" choyxonasi, Andijan, Oezbekistan",,https://www.google.com/maps/place/%22Vatan%22+choyxonasi/data=!4m7!3m6!1s0x38bcedd4a74174ed:0x3dba0ff115fc2d18!8m2!3d40.7529195!4d72.3379264!16s%2Fg%2F11gy380hhp!19sChIJ7XRBp9TtvDgRGC38FfEPuj0?authuser=0&hl=nl&rclk=1
ChIJ-d-ZDefsvDgRBEUKzDG-aMk,FRANS BURGER cafesi,,False,48,"Name: ASR Andijon
link: https://www.google.com/maps/search/ASR+Andijon/@40.7493832,72.3447474?authuser=0&hl=nl&entry=ttu
Reviews: 24 reviews

Name: ""GRAND BURGER""
link: https://www.google.com/maps/search/%22GRAND+BURGER%22/@40.7549688,72.35646129999999?authuser=0&hl=nl&entry=ttu
Reviews: 9 reviews

Name: Fresh burger
link: https://www.google.com/maps/search/Fresh+burger/@40.772867399999996,72.3377637?authuser=0&hl=nl&entry=ttu
Reviews: 3 reviews

Name: Dostlar fast food
link: https://www.google.com/maps/search/Dostlar+fast+food/@40.7831952,72.2968472?authuser=0&hl=nl&entry=ttu
Reviews: 0 reviews",,FRANS BURGER cafesi (eigenaar),,https://lh5.googleusercontent.com/p/AF1QipNGn95ETyS7nnB1yR-Y8yxzMedHii8mbR4CWK6f=w425-h240-k-no,Cafe,Cafe,4.2,09:00-02:00,Open All Days,+998 91 497 41 47,"Q944+3J5 FRANS BURGER cafesi, Andijon, Oezbekistan",,https://www.google.com/maps/place/FRANS+BURGER+cafesi/data=!4m7!3m6!1s0x38bcece70d99dff9:0xc968be31cc0a4504!8m2!3d40.7551297!4d72.3566018!16s%2Fg%2F11f2m4y7my!19sChIJ-d-ZDefsvDgRBEUKzDG-aMk?authuser=0&hl=nl&rclk=1
ChIJbWQ3VDHrvDgRy1szM-PzUY4,Frans&BurgerNo. 1,,False,46,"Name: FRANS BURGER cafesi
link: https://www.google.com/maps/search/FRANS+BURGER+cafesi/@40.7551297,72.35660179999999?authuser=0&hl=nl&entry=ttu
Reviews: 47 reviews

Name: Best Burger
link: https://www.google.com/maps/search/Best+Burger/@40.7876426,72.3316607?authuser=0&hl=nl&entry=ttu
Reviews: 12 reviews

Name: Afro Turk & Grill
link: https://www.google.com/maps/search/Afro+Turk+%26+Grill/@40.786111999999996,72.3488374?authuser=0&hl=nl&entry=ttu
Reviews: 9 reviews

Name: Cafe Americano
link: https://www.google.com/maps/search/Cafe+Americano/@40.754405399999996,72.3572198?authuser=0&hl=nl&entry=ttu
Reviews: 8 reviews

Name: Gumbaz Burger
link: https://www.google.com/maps/search/Gumbaz+Burger/@40.8018663,72.33230549999999?authuser=0&hl=nl&entry=ttu
Reviews: 5 reviews",,Frans&BurgerNo. 1 (eigenaar),,https://lh5.googleusercontent.com/p/AF1QipPeR5YOv3KsLG2SzGLVN_nTreojXxQmVBSxOg9s=w408-h306-k-no,Cafe,Cafe,3.8,09:00-23:00,Open All Days,+998 97 996 24 24,"R85P+RQ6 Frans&BurgerNo. 1, Unnamed Road, Andijon, Oezbekistan",,https://www.google.com/maps/place/Frans%26Burger%E2%84%961/data=!4m7!3m6!1s0x38bceb315437646d:0x8e51f3e333335bcb!8m2!3d40.8095482!4d72.3368841!16s%2Fg%2F11hbv1h3t6!19sChIJbWQ3VDHrvDgRy1szM-PzUY4?authuser=0&hl=nl&rclk=1
ChIJic9PHNHsvDgRljW6MYdSczQ,"Kafe "" YULDUZ """,,False,42,"Name: Kafe Yalla
link: https://www.google.com/maps/search/Kafe+Yalla/@40.78285950000001,72.3463673?authuser=0&hl=nl&entry=ttu
Reviews: 88 reviews

Name: Uzbechka Andijan
link: https://www.google.com/maps/search/Uzbechka+Andijan/@40.751683799999995,72.34196930000002?authuser=0&hl=nl&entry=ttu
Reviews: 40 reviews

Name: Lazeez
link: https://www.google.com/maps/search/Lazeez/@40.7624083,72.360789?authuser=0&hl=nl&entry=ttu
Reviews: 36 reviews

Name: CAFE FRIENDS
link: https://www.google.com/maps/search/CAFE+FRIENDS/@40.7602054,72.33437889999999?authuser=0&hl=nl&entry=ttu
Reviews: 14 reviews

Name: Kafe DYUSHES Andijon
link: https://www.google.com/maps/search/Kafe+DYUSHES+Andijon/@40.761165999999996,72.3588773?authuser=0&hl=nl&entry=ttu
Reviews: 8 reviews",,"Kafe "" YULDUZ "" (eigenaar)",,https://lh5.googleusercontent.com/p/AF1QipOtPaP4anv_upeJ7doTYQslNmckHYuF3bZLNHVS=w408-h306-k-no,Cafe,Cafe,4.5,09:00-23:00,Open All Days,+998 74 226 66 63,"Q82Q+VWC Kafe "" YULDUZ "", Andijan, Oezbekistan",,https://www.google.com/maps/place/Kafe+%22+YULDUZ+%22/data=!4m7!3m6!1s0x38bcecd11c4fcf89:0x3473528731ba3596!8m2!3d40.7521906!4d72.3397702!16s%2Fg%2F11g8w1dv8m!19sChIJic9PHNHsvDgRljW6MYdSczQ?authuser=0&hl=nl&rclk=1
ChIJ_8U8k-rsvDgRb5sie80uOvo,"""Diior"" choyxonasi",,False,40,"Name: ""Vatan"" choyxonasi
link: https://www.google.com/maps/search/%22Vatan%22+choyxonasi/@40.7529195,72.3379264?authuser=0&hl=nl&entry=ttu
Reviews: 49 reviews

Name: ""Andijon City"" choyxona
link: https://www.google.com/maps/search/%22Andijon+City%22+choyxona/@40.7617067,72.3610982?authuser=0&hl=nl&entry=ttu
Reviews: 33 reviews

Name: ""Registon"" choyxonasi
link: https://www.google.com/maps/search/%22Registon%22+choyxonasi/@40.775715399999996,72.3743242?authuser=0&hl=nl&entry=ttu
Reviews: 16 reviews

Name: OMAD CHOYXONASI
link: https://www.google.com/maps/search/OMAD+CHOYXONASI/@40.7585598,72.33606879999999?authuser=0&hl=nl&entry=ttu
Reviews: 6 reviews",,"""Diior"" choyxonasi (eigenaar)",,https://lh5.googleusercontent.com/p/AF1QipN1hM9vkTfi38nrvgy6tnDNXD8EXIQwQ43MYL0H=w408-h724-k-no,Theehuis,Theehuis,4.8,10:00-23:00,Open All Days,+998 91 601 40 44,"Q984+FFP ""Diior"" choyxonasi, Andijan, Oezbekistan",pilav,https://www.google.com/maps/place/%22%D0%94%D0%B8%D1%91%D1%80%22+choyxonasi/data=!4m7!3m6!1s0x38bcecea933cc5ff:0xfa3a2ecd7b229b6f!8m2!3d40.7662177!4d72.3561947!16s%2Fg%2F11c6vwbb_q!19sChIJ_8U8k-rsvDgRb5sie80uOvo?authuser=0&hl=nl&rclk=1
ChIJ6bUKMm3tvDgRyPvAp7q59rA,cafe Sim Sim,,False,37,"Name: Cafe Iris
link: https://www.google.com/maps/search/Cafe+Iris/@40.7555305,72.3563343?authuser=0&hl=nl&entry=ttu
Reviews: 103 reviews

Name: Cafe Magnit
link: https://www.google.com/maps/search/Cafe+Magnit/@40.7547305,72.3569857?authuser=0&hl=nl&entry=ttu
Reviews: 29 reviews

Name: 100 Let
link: https://www.google.com/maps/search/100+Let/@40.763968299999995,72.3623834?authuser=0&hl=nl&entry=ttu
Reviews: 9 reviews

Name: SIM-SIM Fast Food
link: https://www.google.com/maps/search/SIM-SIM+Fast+Food/@40.7878395,72.3498513?authuser=0&hl=nl&entry=ttu
Reviews: 2 reviews",,cafe Sim Sim (eigenaar),,https://lh5.googleusercontent.com/p/AF1QipOgWyH0GHzuxxRQVD5uMce7PsE50tiPacbm7sc8=w532-h240-k-no,Cafe,Cafe,4.1,08:00-00:00,Open All Days,+998 93 443 33 33,"Q953+GW9 cafe Sim Sim, Andijon, Oezbekistan",,https://www.google.com/maps/place/cafe+Sim+Sim/data=!4m7!3m6!1s0x38bced6d320ab5e9:0xb0f6b9baa7c0fbc8!8m2!3d40.758791!4d72.3548469!16s%2Fg%2F11fmsfbkzx!19sChIJ6bUKMm3tvDgRyPvAp7q59rA?authuser=0&hl=nl&rclk=1
ChIJKZTo81btvDgRA_lrRVBrVvM,Cafe Mashrab,,False,32,"Name: Cafe Magnit
link: https://www.google.com/maps/search/Cafe+Magnit/@40.7547305,72.3569857?authuser=0&hl=nl&entry=ttu
Reviews: 29 reviews

Name: ASR Andijon
link: https://www.google.com/maps/search/ASR+Andijon/@40.7493832,72.3447474?authuser=0&hl=nl&entry=ttu
Reviews: 24 reviews

Name: Kafe Rubai
link: https://www.google.com/maps/search/Kafe+Rubai/@40.7480754,72.3626907?authuser=0&hl=nl&entry=ttu
Reviews: 13 reviews

Name: Zanzhabil ""Immunitet"" oshkhonasi
link: https://www.google.com/maps/search/%D0%97%D0%B0%D0%BD%D0%B6%D0%B0%D0%B1%D0%B8%D0%BB+%22%D0%98%D0%BC%D0%BC%D1%83%D0%BD%D0%B8%D1%82%D0%B5%D1%82%22+%D0%BE%D1%88%D1%85%D0%BE%D0%BD%D0%B0%D1%81%D0%B8/@40.75587,72.3417319?authuser=0&hl=nl&entry=ttu
Reviews: 12 reviews

Name: Kafe ""Veranda""
link: https://www.google.com/maps/search/Kafe+%22Veranda%22/@40.7473965,72.3403391?authuser=0&hl=nl&entry=ttu
Reviews: 2 reviews",,Cafe Mashrab (eigenaar),https://www.google.com/maps/contrib/107289526449847594294,https://lh5.googleusercontent.com/p/AF1QipOvecwmEhJogGr95vgkH33dR0OwhvwzQ-enyYxs=w408-h306-k-no,Cafe,Cafe,4,07:00-23:00,Open All Days,+998 98 577 07 72,"Cafe Mashrab, Unnamed Road, Andijon, Oezbekistan",,https://www.google.com/maps/place/Cafe+Mashrab/data=!4m7!3m6!1s0x38bced56f3e89429:0xf3566b50456bf903!8m2!3d40.7510717!4d72.3419945!16s%2Fg%2F11fmbbbhs7!19sChIJKZTo81btvDgRA_lrRVBrVvM?authuser=0&hl=nl&rclk=1
ChIJpwJNF-fsvDgRq_e5zq2qyf4,Cafe Magnit,,False,29,"Name: Magnit & ovo Andijon
link: https://www.google.com/maps/search/Magnit+%26+ovo+Andijon/@40.764454199999996,72.3554477?authuser=0&hl=nl&entry=ttu
Reviews: 49 reviews

Name: Kafe "" YULDUZ ""
link: https://www.google.com/maps/search/Kafe+%22+YULDUZ+%22/@40.7521906,72.3397702?authuser=0&hl=nl&entry=ttu
Reviews: 42 reviews

Name: Cafe Americano
link: https://www.google.com/maps/search/Cafe+Americano/@40.754405399999996,72.3572198?authuser=0&hl=nl&entry=ttu
Reviews: 8 reviews

Name: Kafe DYUSHES Andijon
link: https://www.google.com/maps/search/Kafe+DYUSHES+Andijon/@40.761165999999996,72.3588773?authuser=0&hl=nl&entry=ttu
Reviews: 8 reviews

Name: Magnit & ovo Andijan
link: https://www.google.com/maps/search/Magnit+%26+ovo+Andijan/@40.7534566,72.33087789999999?authuser=0&hl=nl&entry=ttu
Reviews: 7 reviews",,Cafe Magnit (eigenaar),,https://lh5.googleusercontent.com/p/AF1QipP4MYwk0C3N0JY9QnfNkfQIgyqkh45Iy-g-6Clp=w408-h408-k-no,Cafe,Cafe,4.1,08:00-22:00,Open All Days,+998 95 200 45 36,"Q934+VQX Cafe Magnit, Andijan, Oezbekistan",fastfood,https://www.google.com/maps/place/Cafe+Magnit/data=!4m7!3m6!1s0x38bcece7174d02a7:0xfec9aaadceb9f7ab!8m2!3d40.7547305!4d72.3569857!16s%2Fg%2F11bzy_xcjw!19sChIJpwJNF-fsvDgRq_e5zq2qyf4?authuser=0&hl=nl&rclk=1
ChIJ6efgQiLtvDgRsVFmUjIL2YE,"""Bo'ston City"" choyxonasi",,False,29,"Name: ""Andijon City"" choyxona
link: https://www.google.com/maps/search/%22Andijon+City%22+choyxona/@40.7617067,72.3610982?authuser=0&hl=nl&entry=ttu
Reviews: 33 reviews

Name: ""Tabassum"" choyxonasi
link: https://www.google.com/maps/search/%22%D0%A2%D0%B0%D0%B1%D0%B0%D1%81%D1%81%D1%83%D0%BC%22+choyxonasi/@40.7873842,72.3165595?authuser=0&hl=nl&entry=ttu
Reviews: 24 reviews

Name: ""Yangi Bog'i Bo'ston"" choyxonasi
link: https://www.google.com/maps/search/%22Yangi+Bog%27i+Bo%27ston%22+choyxonasi/@40.777219599999995,72.3764106?authuser=0&hl=nl&entry=ttu
Reviews: 9 reviews

Name: ""Shodlik"" choyxonasi
link: https://www.google.com/maps/search/%22Shodlik%22+choyxonasi/@40.7688895,72.3871317?authuser=0&hl=nl&entry=ttu
Reviews: 7 reviews",,"""Bo'ston City"" choyxonasi (eigenaar)",,https://lh5.googleusercontent.com/p/AF1QipO3Bu8IQLyyK-lp0afrq4H2jFboOaOZ9xESLgG8=w408-h306-k-no,Traditioneel theehuis,Traditioneel theehuis,4.7,09:00-00:00,Open All Days,+998 95 201 00 04,"Q99P+9H3 ""Bo'ston City"" choyxonasi, Unnamed Road, Andijon, Oezbekistan",,https://www.google.com/maps/place/%22Bo%27ston+City%22+choyxonasi/data=!4m7!3m6!1s0x38bced2242e0e7e9:0x81d90b32526651b1!8m2!3d40.7683791!4d72.3864298!16s%2Fg%2F11rsq5q5pl!19sChIJ6efgQiLtvDgRsVFmUjIL2YE?authuser=0&hl=nl&rclk=1
ChIJOXBsa1XrvDgR3JPHCGIcTgY,"""Anvarota"" choyxonasi",,False,28,"Name: ""Movarounnahr"" Choyxonasi
link: https://www.google.com/maps/search/%22Movarounnahr%22+Choyxonasi/@40.753105399999995,72.35864699999999?authuser=0&hl=nl&entry=ttu
Reviews: 58 reviews

Name: ""Vatan"" choyxonasi
link: https://www.google.com/maps/search/%22Vatan%22+choyxonasi/@40.7529195,72.3379264?authuser=0&hl=nl&entry=ttu
Reviews: 49 reviews

Name: ""Andijon City"" choyxona
link: https://www.google.com/maps/search/%22Andijon+City%22+choyxona/@40.7617067,72.3610982?authuser=0&hl=nl&entry=ttu
Reviews: 33 reviews

Name: ""Registon"" choyxonasi
link: https://www.google.com/maps/search/%22Registon%22+choyxonasi/@40.775715399999996,72.3743242?authuser=0&hl=nl&entry=ttu
Reviews: 16 reviews

Name: ""Andijon"" choyxonasi
link: https://www.google.com/maps/search/%22Andijon%22+choyxonasi/@40.782820199999996,72.37744889999999?authuser=0&hl=nl&entry=ttu
Reviews: 1 reviews",,"""Anvarota"" choyxonasi (eigenaar)",,https://lh5.googleusercontent.com/p/AF1QipN2nh_WU_TO7E4IFub12RfsqF0S5EGXmCnOF85b=w408-h544-k-no,Theehuis,Theehuis,4.7,10:00-23:00,Open All Days,+998 95 202 22 00,"Q8QV+QR7 ""Anvarota"" choyxonasi, Unnamed Road, Andijan, Oezbekistan",pilav,https://www.google.com/maps/place/%22Anvarota%22+choyxonasi/data=!4m7!3m6!1s0x38bceb556b6c7039:0x64e1c6208c793dc!8m2!3d40.7894246!4d72.3445405!16s%2Fg%2F11mmg_802c!19sChIJOXBsa1XrvDgR3JPHCGIcTgY?authuser=0&hl=nl&rclk=1
ChIJh3JzvdDtvDgRjdOUURQTcn8,"""Mirpostin"" choyxona",,False,27,"Name: ""Movarounnahr"" Choyxonasi
link: https://www.google.com/maps/search/%22Movarounnahr%22+Choyxonasi/@40.753105399999995,72.35864699999999?authuser=0&hl=nl&entry=ttu
Reviews: 58 reviews

Name: ""Navro'z"" choyxonasi
link: https://www.google.com/maps/search/%22Navro%27z%22+choyxonasi/@40.749711399999995,72.3246187?authuser=0&hl=nl&entry=ttu
Reviews: 22 reviews

Name: MIRPUSTIN OTA MASZhIDI
link: https://www.google.com/maps/search/%D0%9C%D0%98%D0%A0%D0%9F%D0%8E%D0%A1%D0%A2%D0%98%D0%9D+%D0%9E%D0%A2%D0%90+%D0%9C%D0%90%D0%A1%D0%96%D0%98%D0%94%D0%98/@40.7443271,72.37835749999999?authuser=0&hl=nl&entry=ttu
Reviews: 8 reviews

Name: ""Andijon"" choyxonasi
link: https://www.google.com/maps/search/%22Andijon%22+choyxonasi/@40.782820199999996,72.37744889999999?authuser=0&hl=nl&entry=ttu
Reviews: 1 reviews",,"""Mirpostin"" choyxona (eigenaar)",,https://lh5.googleusercontent.com/p/AF1QipNGe52wv2rs3FcHG6gaKL4ysnfb_JfchPDciuwj=w426-h240-k-no,Theehuis,Theehuis,4.5,09:00-23:00,Open All Days,+998 95 203 55 52,"P9VH+94Q ""Mirpostin"" choyxona, Andijan, Oezbekistan",,https://www.google.com/maps/place/%22Mirpostin%22+choyxona/data=!4m7!3m6!1s0x38bcedd0bd737287:0x7f7213145194d38d!8m2!3d40.7434676!4d72.3778707!16s%2Fg%2F11gl4ld4dm!19sChIJh3JzvdDtvDgRjdOUURQTcn8?authuser=0&hl=nl&rclk=1
ChIJu8DG_ibtvDgR3z4Dpwmjdig,Coffee Room,,False,25,"Name: CAFE FRIENDS
link: https://www.google.com/maps/search/CAFE+FRIENDS/@40.7602054,72.33437889999999?authuser=0&hl=nl&entry=ttu
Reviews: 14 reviews

Name: Kafe Rubai
link: https://www.google.com/maps/search/Kafe+Rubai/@40.7480754,72.3626907?authuser=0&hl=nl&entry=ttu
Reviews: 13 reviews

Name: Cafe Americano
link: https://www.google.com/maps/search/Cafe+Americano/@40.754405399999996,72.3572198?authuser=0&hl=nl&entry=ttu
Reviews: 8 reviews

Name: Friendly Cafe
link: https://www.google.com/maps/search/Friendly+Cafe/@40.7440717,72.3417941?authuser=0&hl=nl&entry=ttu
Reviews: 6 reviews",,Coffee Room (eigenaar),https://www.google.com/maps/contrib/111677567478620550203,https://lh5.googleusercontent.com/p/AF1QipP8OgtAb0xrRGAR7b9tTldL7cTUlBmNd9orO0-U=w426-h240-k-no,Cafe,Cafe,4.5,24 uur geopend,zondag,+998 97 996 50 42,"Coffee Room, Ulitsa Lermontova, Andijan, Oezbekistan",,https://www.google.com/maps/place/Coffee+Room/data=!4m7!3m6!1s0x38bced26fec6c0bb:0x2876a309a7033edf!8m2!3d40.7440543!4d72.3456835!16s%2Fg%2F11f0l2bys5!19sChIJu8DG_ibtvDgR3z4Dpwmjdig?authuser=0&hl=nl&rclk=1
ChIJcb-rdJ3tvDgR7woNJZl0FiA,Anor cafe,,False,24,"Name: O'zbekiston Restaurant
link: https://www.google.com/maps/search/O%27zbekiston+Restaurant/@40.7484645,72.3559272?authuser=0&hl=nl&entry=ttu
Reviews: 32 reviews

Name: Coffee Room
link: https://www.google.com/maps/search/Coffee+Room/@40.744054299999995,72.34568349999999?authuser=0&hl=nl&entry=ttu
Reviews: 25 reviews

Name: ASR Andijon
link: https://www.google.com/maps/search/ASR+Andijon/@40.7493832,72.3447474?authuser=0&hl=nl&entry=ttu
Reviews: 24 reviews

Name: Cafe Americano
link: https://www.google.com/maps/search/Cafe+Americano/@40.754405399999996,72.3572198?authuser=0&hl=nl&entry=ttu
Reviews: 8 reviews

Name: Andijon Restaurant
link: https://www.google.com/maps/search/Andijon+Restaurant/@40.7496126,72.34568449999999?authuser=0&hl=nl&entry=ttu
Reviews: 6 reviews",,Anor cafe (eigenaar),,https://lh5.googleusercontent.com/p/AF1QipO-Pu8a9pVzl-JWRdgqmlcwqs1kI4i7Z1JLxqzZ=w408-h306-k-no,Cafe,Cafe,3.6,08:00-05:00,zondag,,"P8WW+V8V Anor cafe, Andijan, Oezbekistan",,https://www.google.com/maps/place/Anor+cafe/data=!4m7!3m6!1s0x38bced9d74abbf71:0x20167499250d0aef!8m2!3d40.7472499!4d72.3457967!16s%2Fg%2F11l2lmjs1t!19sChIJcb-rdJ3tvDgR7woNJZl0FiA?authuser=0&hl=nl&rclk=1
ChIJG0jSJrrtvDgRM_p9niLJQ7g,ASR Andijon,,False,24,"Name: FRANS BURGER cafesi
link: https://www.google.com/maps/search/FRANS+BURGER+cafesi/@40.7551297,72.35660179999999?authuser=0&hl=nl&entry=ttu
Reviews: 47 reviews

Name: O'zbekiston Restaurant
link: https://www.google.com/maps/search/O%27zbekiston+Restaurant/@40.7484645,72.3559272?authuser=0&hl=nl&entry=ttu
Reviews: 32 reviews

Name: Kafe Rubai
link: https://www.google.com/maps/search/Kafe+Rubai/@40.7480754,72.3626907?authuser=0&hl=nl&entry=ttu
Reviews: 13 reviews

Name: Kafe DYUSHES Andijon
link: https://www.google.com/maps/search/Kafe+DYUSHES+Andijon/@40.761165999999996,72.3588773?authuser=0&hl=nl&entry=ttu
Reviews: 8 reviews

Name: Rayyona
link: https://www.google.com/maps/search/Rayyona/@40.7440716,72.3310168?authuser=0&hl=nl&entry=ttu
Reviews: 1 reviews",,ASR Andijon (eigenaar),,https://lh5.googleusercontent.com/p/AF1QipODLDrn7cD6hl8vtgIgHbX1WSYbotUa8PtiICCD=w408-h905-k-no,Cafe,Cafe,4.5,08:30-23:00,Open All Days,+998 90 526 65 65,"P8XV+QV5 ASR Andijon, Andijon, Oezbekistan",,https://www.google.com/maps/place/ASR+Andijon/data=!4m7!3m6!1s0x38bcedba26d2481b:0xb843c9229e7dfa33!8m2!3d40.7493832!4d72.3447474!16s%2Fg%2F11h4fhztxs!19sChIJG0jSJrrtvDgRM_p9niLJQ7g?authuser=0&hl=nl&rclk=1
ChIJl0bO-WmVvDgRRx4Z1jxvaNk,"""Tabassum"" choyxonasi",,False,24,"Name: ""Vatan"" choyxonasi
link: https://www.google.com/maps/search/%22Vatan%22+choyxonasi/@40.7529195,72.3379264?authuser=0&hl=nl&entry=ttu
Reviews: 49 reviews

Name: ""Andijon City"" choyxona
link: https://www.google.com/maps/search/%22Andijon+City%22+choyxona/@40.7617067,72.3610982?authuser=0&hl=nl&entry=ttu
Reviews: 33 reviews

Name: ""Oqshom"" choyxonasi
link: https://www.google.com/maps/search/%22Oqshom%22+choyxonasi/@40.750500599999995,72.34293149999999?authuser=0&hl=nl&entry=ttu
Reviews: 22 reviews

Name: ""Shahidtepa"" choyxonasi
link: https://www.google.com/maps/search/%22Shahidtepa%22+choyxonasi/@40.8105524,72.3080765?authuser=0&hl=nl&entry=ttu
Reviews: 16 reviews

Name: OMAD CHOYXONASI
link: https://www.google.com/maps/search/OMAD+CHOYXONASI/@40.7585598,72.33606879999999?authuser=0&hl=nl&entry=ttu
Reviews: 6 reviews",,"""Tabassum"" choyxonasi (eigenaar)",,https://lh5.googleusercontent.com/p/AF1QipMjS0_q0XJwsjE7GzAG14uP6l5uz5RDQ2xxwdzr=w519-h240-k-no,Theehuis,Theehuis,4.5,10:00-23:00,Open All Days,+998 90 258 20 10,"Q8P8+XJ3 ""Tabassum"" choyxonasi, Andijan, Oezbekistan",,https://www.google.com/maps/place/%22%D0%A2%D0%B0%D0%B1%D0%B0%D1%81%D1%81%D1%83%D0%BC%22+choyxonasi/data=!4m7!3m6!1s0x38bc9569f9ce4697:0xd9686f3cd6191e47!8m2!3d40.7873842!4d72.3165595!16s%2Fg%2F11pq1zy4fw!19sChIJl0bO-WmVvDgRRx4Z1jxvaNk?authuser=0&hl=nl&rclk=1
ChIJs8tF2WSTvDgRp99Fd9jieW0,"""Plaza"" choyxonasi",,False,23,"Name: ""Vatan"" choyxonasi
link: https://www.google.com/maps/search/%22Vatan%22+choyxonasi/@40.7529195,72.3379264?authuser=0&hl=nl&entry=ttu
Reviews: 49 reviews

Name: ""Diior"" choyxonasi
link: https://www.google.com/maps/search/%22%D0%94%D0%B8%D1%91%D1%80%22+choyxonasi/@40.7662177,72.3561947?authuser=0&hl=nl&entry=ttu
Reviews: 40 reviews

Name: ""Andijon City"" choyxona
link: https://www.google.com/maps/search/%22Andijon+City%22+choyxona/@40.7617067,72.3610982?authuser=0&hl=nl&entry=ttu
Reviews: 33 reviews

Name: ""Tabassum"" choyxonasi
link: https://www.google.com/maps/search/%22%D0%A2%D0%B0%D0%B1%D0%B0%D1%81%D1%81%D1%83%D0%BC%22+choyxonasi/@40.7873842,72.3165595?authuser=0&hl=nl&entry=ttu
Reviews: 24 reviews

Name: ""Sharshara"" choyxonasi
link: https://www.google.com/maps/search/%22Sharshara%22+choyxonasi/@40.7779403,72.30156800000002?authuser=0&hl=nl&entry=ttu
Reviews: 22 reviews",,"""Plaza"" choyxonasi (eigenaar)",,https://lh5.googleusercontent.com/p/AF1QipNtV07D3C6Ab09_mIMMAgfPFJ7ItCL8ySo-W5b1=w408-h306-k-no,Theehuis,Theehuis,4.6,10:00-23:00,Open All Days,+998 74 226 26 26,"P8WF+9RH ""Plaza"" choyxonasi, Andijan, Oezbekistan",,https://www.google.com/maps/place/%22Plaza%22+choyxonasi/data=!4m7!3m6!1s0x38bc9364d945cbb3:0x6d79e2d87745dfa7!8m2!3d40.7459283!4d72.3246007!16s%2Fg%2F11j3s_nlb9!19sChIJs8tF2WSTvDgRp99Fd9jieW0?authuser=0&hl=nl&rclk=1
ChIJ44BSRKCVvDgR1np_XZslZU4,Ulfatlar 2 Choykhonasi,,False,21,"Name: ""Ulfatlar"" choyxonasi
link: https://www.google.com/maps/search/%22Ulfatlar%22+choyxonasi/@40.7926909,72.3310068?authuser=0&hl=nl&entry=ttu
Reviews: 9 reviews

Name: Oq laylak to'yxonasi
link: https://www.google.com/maps/search/Oq+laylak+to%27yxonasi/@40.7433401,72.3394234?authuser=0&hl=nl&entry=ttu
Reviews: 7 reviews

Name: ""Qoraqul Ota Choyxonasi""
link: https://www.google.com/maps/search/%22Qoraqul+Ota+Choyxonasi%22/@40.840807000000005,72.32394599999999?authuser=0&hl=nl&entry=ttu
Reviews: 1 reviews

Name: Elmurod oshxonasi
link: https://www.google.com/maps/search/Elmurod+oshxonasi/@40.857072099999996,72.32404369999999?authuser=0&hl=nl&entry=ttu
Reviews: 0 reviews",,Ulfatlar 2 Choykhonasi (eigenaar),,https://lh5.googleusercontent.com/p/AF1QipNeGg4xpOCjl8CjakH6fqzxKETxHqTimAwj6v9h=w408-h306-k-no,Theehuis,Theehuis,4.8,10:00-23:00,Open All Days,+998 95 200 41 41,"R84F+QX Ulfatlar 2 Choykhonasi, Andijan, Oezbekistan",,https://www.google.com/maps/place/Ulfatlar+2+Choykhonasi/data=!4m7!3m6!1s0x38bc95a0445280e3:0x4e65259b5d7f7ad6!8m2!3d40.8070238!4d72.3249689!16s%2Fg%2F11pzg7v1wv!19sChIJ44BSRKCVvDgR1np_XZslZU4?authuser=0&hl=nl&rclk=1
ChIJ4WcKa6TtvDgRzFvR1R_1vyE,Fotima va Zuxra,,False,21,"Name: ""Movarounnahr"" Choyxonasi
link: https://www.google.com/maps/search/%22Movarounnahr%22+Choyxonasi/@40.753105399999995,72.35864699999999?authuser=0&hl=nl&entry=ttu
Reviews: 58 reviews

Name: ""Vatan"" choyxonasi
link: https://www.google.com/maps/search/%22Vatan%22+choyxonasi/@40.7529195,72.3379264?authuser=0&hl=nl&entry=ttu
Reviews: 49 reviews

Name: ""Tabassum"" choyxonasi
link: https://www.google.com/maps/search/%22%D0%A2%D0%B0%D0%B1%D0%B0%D1%81%D1%81%D1%83%D0%BC%22+choyxonasi/@40.7873842,72.3165595?authuser=0&hl=nl&entry=ttu
Reviews: 24 reviews

Name: SHUKRONA
link: https://www.google.com/maps/search/SHUKRONA/@40.7567386,72.3561175?authuser=0&hl=nl&entry=ttu
Reviews: 17 reviews",,Fotima va Zuxra (eigenaar),,https://lh5.googleusercontent.com/p/AF1QipPbj0Hh8am9iwk6LlL22x2ixUAzaA7ZTD70tJ8o=w408-h240-k-no-pi-10-ya331-ro-0-fo100,Traditioneel theehuis,Traditioneel theehuis,4.2,10:00-23:00,Open All Days,+998 90 211 99 99,"Q946+GVC Fotima va Zuxra, Andijan, Oezbekistan",,https://www.google.com/maps/place/Fotima+va+Zuxra/data=!4m7!3m6!1s0x38bceda46b0a67e1:0x21bff51fd5d15bcc!8m2!3d40.756317!4d72.362148!16s%2Fg%2F11fflvvdwp!19sChIJ4WcKa6TtvDgRzFvR1R_1vyE?authuser=0&hl=nl&rclk=1
ChIJJ2bR1H-VvDgR007C2NrMyjY,SHUKRONA,,False,19,"Name: Shukrona kafe
link: https://www.google.com/maps/search/Shukrona+kafe/@40.825776999999995,72.3525456?authuser=0&hl=nl&entry=ttu
Reviews: 19 reviews

Name: Shukrona
link: https://www.google.com/maps/search/Shukrona/@40.8011494,72.3449186?authuser=0&hl=nl&entry=ttu
Reviews: 17 reviews

Name: Shukrona fast food
link: https://www.google.com/maps/search/Shukrona+fast+food/@40.7870993,72.3512481?authuser=0&hl=nl&entry=ttu
Reviews: 12 reviews

Name: Sokin
link: https://www.google.com/maps/search/Sokin/@40.7831352,72.320741?authuser=0&hl=nl&entry=ttu
Reviews: 3 reviews

Name: Anhor choyhona
link: https://www.google.com/maps/search/Anhor+choyhona/@40.853488399999996,72.3209723?authuser=0&hl=nl&entry=ttu
Reviews: 0 reviews",,SHUKRONA (eigenaar),,https://lh5.googleusercontent.com/p/AF1QipNcC4r97VHcheMrjCA3jtxX9RKzsKoJigtD0ehO=w426-h240-k-no,Cafe,Cafe,4.5,08:00-23:00,Open All Days,+998 97 580 34 34,"R8XF+78R SHUKRONA, Andijon, Oezbekistan",,https://www.google.com/maps/place/SHUKRONA/data=!4m7!3m6!1s0x38bc957fd4d16627:0x36caccdad8c24ed3!8m2!3d40.8482322!4d72.3232559!16s%2Fg%2F11jnnh_l9x!19sChIJJ2bR1H-VvDgR007C2NrMyjY?authuser=0&hl=nl&rclk=1
ChIJzwIMIbjtvDgRKvVMsPoYXx0,Burger club,,False,18,"Name: Cafe Iris
link: https://www.google.com/maps/search/Cafe+Iris/@40.7555305,72.3563343?authuser=0&hl=nl&entry=ttu
Reviews: 103 reviews

Name: FRANS BURGER cafesi
link: https://www.google.com/maps/search/FRANS+BURGER+cafesi/@40.7551297,72.35660179999999?authuser=0&hl=nl&entry=ttu
Reviews: 47 reviews

Name: Burger Time
link: https://www.google.com/maps/search/Burger+Time/@40.7639828,72.35530589999999?authuser=0&hl=nl&entry=ttu
Reviews: 13 reviews

Name: ""GRAND BURGER""
link: https://www.google.com/maps/search/%22GRAND+BURGER%22/@40.7549688,72.35646129999999?authuser=0&hl=nl&entry=ttu
Reviews: 9 reviews

Name: Online Burger
link: https://www.google.com/maps/search/Online+Burger/@40.7835937,72.33131019999999?authuser=0&hl=nl&entry=ttu
Reviews: 6 reviews",,Burger club (eigenaar),,https://lh5.googleusercontent.com/p/AF1QipMi5nNMt-_-SxeROl2Qg_Of2dDxoV5uP9amQ-ZG=w408-h544-k-no,Cafe,Cafe,4.4,08:30-23:00,Open All Days,+998 95 203 70 80,"Q953+48Q Burger club, Ulitsa Vorovskogo, Andijon, Oezbekistan",,https://www.google.com/maps/place/Burger+club/data=!4m7!3m6!1s0x38bcedb8210c02cf:0x1d5f18fab04cf52a!8m2!3d40.7578259!4d72.3533639!16s%2Fg%2F11hz75x7x5!19sChIJzwIMIbjtvDgRKvVMsPoYXx0?authuser=0&hl=nl&rclk=1
ChIJ86Fx8WntvDgR9rzf0Tq6wQs,Mr.Arabic,,False,17,"Name: CAFE FRIENDS
link: https://www.google.com/maps/search/CAFE+FRIENDS/@40.7602054,72.33437889999999?authuser=0&hl=nl&entry=ttu
Reviews: 14 reviews

Name: Kafe Rubai
link: https://www.google.com/maps/search/Kafe+Rubai/@40.7480754,72.3626907?authuser=0&hl=nl&entry=ttu
Reviews: 13 reviews

Name: Muslim cafe
link: https://www.google.com/maps/search/Muslim+cafe/@40.783540699999996,72.3116426?authuser=0&hl=nl&entry=ttu
Reviews: 3 reviews

Name: AbuDiabi
link: https://www.google.com/maps/search/AbuDiabi/@40.751629,72.3639192?authuser=0&hl=nl&entry=ttu
Reviews: 2 reviews",,Mr.Arabic (eigenaar),,https://lh5.googleusercontent.com/p/AF1QipNML0x0cl2h97oenzfkYbQi9SHTslV4PJPMED23=w408-h316-k-no,Koffiebar,Koffiebar,5,09:00-23:00,Open All Days,+998 99 220 55 00,"Mr.Arabic, 2-kichik daha, Lermontov ko'cha 8-uy, 170100, Oezbekistan",,https://www.google.com/maps/place/Mr.Arabic/data=!4m7!3m6!1s0x38bced69f171a1f3:0xbc1ba3ad1dfbcf6!8m2!3d40.7485591!4d72.3459227!16s%2Fg%2F11pbrxtbl9!19sChIJ86Fx8WntvDgR9rzf0Tq6wQs?authuser=0&hl=nl&rclk=1
ChIJx545ZAvtvDgRAvKnpRg9FBU,SHUKRONA,,False,17,"Name: ASR Andijon
link: https://www.google.com/maps/search/ASR+Andijon/@40.7493832,72.3447474?authuser=0&hl=nl&entry=ttu
Reviews: 24 reviews

Name: Fotima va Zuxra
link: https://www.google.com/maps/search/Fotima+va+Zuxra/@40.756316999999996,72.36214799999999?authuser=0&hl=nl&entry=ttu
Reviews: 21 reviews

Name: Shukrona kafe
link: https://www.google.com/maps/search/Shukrona+kafe/@40.825776999999995,72.3525456?authuser=0&hl=nl&entry=ttu
Reviews: 19 reviews

Name: Shukrona
link: https://www.google.com/maps/search/Shukrona/@40.8011494,72.3449186?authuser=0&hl=nl&entry=ttu
Reviews: 17 reviews

Name: Shukrona fast food
link: https://www.google.com/maps/search/Shukrona+fast+food/@40.7870993,72.3512481?authuser=0&hl=nl&entry=ttu
Reviews: 12 reviews",,SHUKRONA (eigenaar),,https://lh5.googleusercontent.com/p/AF1QipMEXiiG1Hr__AMdeNUcEOBXzEzlUSTlWVuzw1K9=w408-h306-k-no,Cafe,Cafe,4.2,07:00-23:00,Open All Days,+998 99 432 24 24,"Q944+MCX SHUKRONA, Andijon, Oezbekistan",,https://www.google.com/maps/place/SHUKRONA/data=!4m7!3m6!1s0x38bced0b64399ec7:0x15143d18a5a7f202!8m2!3d40.7567386!4d72.3561175!16s%2Fg%2F11fwvs07_q!19sChIJx545ZAvtvDgRAvKnpRg9FBU?authuser=0&hl=nl&rclk=1
ChIJlU3i2l_rvDgRD5LZShG2BsQ,Shukrona,,False,17,"Name: Shukrona kafe
link: https://www.google.com/maps/search/Shukrona+kafe/@40.825776999999995,72.3525456?authuser=0&hl=nl&entry=ttu
Reviews: 19 reviews

Name: SHUKRONA
link: https://www.google.com/maps/search/SHUKRONA/@40.7567386,72.3561175?authuser=0&hl=nl&entry=ttu
Reviews: 17 reviews

Name: Shukrona fast food
link: https://www.google.com/maps/search/Shukrona+fast+food/@40.7870993,72.3512481?authuser=0&hl=nl&entry=ttu
Reviews: 12 reviews

Name: NIHOL Oshxonasi
link: https://www.google.com/maps/search/NIHOL+Oshxonasi/@40.7701711,72.3653673?authuser=0&hl=nl&entry=ttu
Reviews: 9 reviews

Name: Movarounnahr kafe
link: https://www.google.com/maps/search/Movarounnahr+kafe/@40.7858361,72.3324482?authuser=0&hl=nl&entry=ttu
Reviews: 8 reviews",,Shukrona (eigenaar),,https://lh5.googleusercontent.com/p/AF1QipMPXG8Kfp4mrg4Y0kn6_D3RKRSufczqzrfldMwc=w408-h874-k-no,Cafe,Cafe,4.9,07:00-23:00,Open All Days,+998 99 329 34 34,"R82V+FX3 Shukrona, Andijon, Oezbekistan",,https://www.google.com/maps/place/Shukrona/data=!4m7!3m6!1s0x38bceb5fdae24d95:0xc406b6114ad9920f!8m2!3d40.8011494!4d72.3449186!16s%2Fg%2F11fwvmws2x!19sChIJlU3i2l_rvDgRD5LZShG2BsQ?authuser=0&hl=nl&rclk=1
ChIJ5YOyis6VvDgRvWDM41TeQoM,"""Shahidtepa"" choyxonasi",,False,16,"Name: ""Vatan"" choyxonasi
link: https://www.google.com/maps/search/%22Vatan%22+choyxonasi/@40.7529195,72.3379264?authuser=0&hl=nl&entry=ttu
Reviews: 49 reviews

Name: ""Diior"" choyxonasi
link: https://www.google.com/maps/search/%22%D0%94%D0%B8%D1%91%D1%80%22+choyxonasi/@40.7662177,72.3561947?authuser=0&hl=nl&entry=ttu
Reviews: 40 reviews

Name: ""Andijon City"" choyxona
link: https://www.google.com/maps/search/%22Andijon+City%22+choyxona/@40.7617067,72.3610982?authuser=0&hl=nl&entry=ttu
Reviews: 33 reviews

Name: ""Tabassum"" choyxonasi
link: https://www.google.com/maps/search/%22%D0%A2%D0%B0%D0%B1%D0%B0%D1%81%D1%81%D1%83%D0%BC%22+choyxonasi/@40.7873842,72.3165595?authuser=0&hl=nl&entry=ttu
Reviews: 24 reviews

Name: ""Shodlik"" choyxonasi
link: https://www.google.com/maps/search/%22Shodlik%22+choyxonasi/@40.7688895,72.3871317?authuser=0&hl=nl&entry=ttu
Reviews: 7 reviews",,"""Shahidtepa"" choyxonasi (eigenaar)",,https://lh5.googleusercontent.com/p/AF1QipPHpE-EJF6VjWBITBieTLDGuFXOId0mdCi346Ap=w408-h240-k-no,Theehuis,Theehuis,4.9,10:00-23:00,Open All Days,+998 95 308 11 11,"R855+V33 ""Shahidtepa"" choyxonasi, Andijan, Oezbekistan",,https://www.google.com/maps/place/%22Shahidtepa%22+choyxonasi/data=!4m7!3m6!1s0x38bc95ce8ab283e5:0x8342de54e3cc60bd!8m2!3d40.8105524!4d72.3080765!16s%2Fg%2F11rm_8612z!19sChIJ5YOyis6VvDgRvWDM41TeQoM?authuser=0&hl=nl&rclk=1
ChIJHWeUYYnsvDgRjlzU78fRJNs,"""Registon"" choyxonasi",,False,16,"Name: ""Movarounnahr"" Choyxonasi
link: https://www.google.com/maps/search/%22Movarounnahr%22+Choyxonasi/@40.753105399999995,72.35864699999999?authuser=0&hl=nl&entry=ttu
Reviews: 58 reviews

Name: ""Diior"" choyxonasi
link: https://www.google.com/maps/search/%22%D0%94%D0%B8%D1%91%D1%80%22+choyxonasi/@40.7662177,72.3561947?authuser=0&hl=nl&entry=ttu
Reviews: 40 reviews

Name: ""Andijon City"" choyxona
link: https://www.google.com/maps/search/%22Andijon+City%22+choyxona/@40.7617067,72.3610982?authuser=0&hl=nl&entry=ttu
Reviews: 33 reviews

Name: ""Anvarota"" choyxonasi
link: https://www.google.com/maps/search/%22Anvarota%22+choyxonasi/@40.789424600000004,72.3445405?authuser=0&hl=nl&entry=ttu
Reviews: 28 reviews

Name: ""Yangi Bog'i Bo'ston"" choyxonasi
link: https://www.google.com/maps/search/%22Yangi+Bog%27i+Bo%27ston%22+choyxonasi/@40.777219599999995,72.3764106?authuser=0&hl=nl&entry=ttu
Reviews: 9 reviews",,"""Registon"" choyxonasi (eigenaar)",,https://lh5.googleusercontent.com/p/AF1QipPRAweGU5LPGBivmn2nMtToQrihuDUo1cw4fn7t=w408-h306-k-no,Theehuis,Theehuis,4.4,09:00-23:00,Open All Days,+998 95 202 19 91,"Q9GF+7PP ""Registon"" choyxonasi, Andijan, Oezbekistan",,https://www.google.com/maps/place/%22Registon%22+choyxonasi/data=!4m7!3m6!1s0x38bcec896194671d:0xdb24d1c7efd45c8e!8m2!3d40.7757154!4d72.3743242!16s%2Fg%2F11g7kvlx7x!19sChIJHWeUYYnsvDgRjlzU78fRJNs?authuser=0&hl=nl&rclk=1
ChIJ_6MNDEmTvDgRv1xGoh-9zo8,"""Diydor"" choyxonasi",,False,15,"Name: ""Diior"" choyxonasi
link: https://www.google.com/maps/search/%22%D0%94%D0%B8%D1%91%D1%80%22+choyxonasi/@40.7662177,72.3561947?authuser=0&hl=nl&entry=ttu
Reviews: 40 reviews

Name: OMAD CHOYXONASI
link: https://www.google.com/maps/search/OMAD+CHOYXONASI/@40.7585598,72.33606879999999?authuser=0&hl=nl&entry=ttu
Reviews: 6 reviews

Name: ""Behizor"" choyxonasi
link: https://www.google.com/maps/search/%22Behizor%22+choyxonasi/@40.7491323,72.3244825?authuser=0&hl=nl&entry=ttu
Reviews: 4 reviews

Name: ""Andijon"" choyxonasi
link: https://www.google.com/maps/search/%22Andijon%22+choyxonasi/@40.782820199999996,72.37744889999999?authuser=0&hl=nl&entry=ttu
Reviews: 1 reviews",,"""Diydor"" choyxonasi (eigenaar)",,https://lh5.googleusercontent.com/p/AF1QipPCKnE7uVe63ZW9HlB6EF2V4cHyQ7CbM4_JBoQ_=w426-h240-k-no,Theehuis,Theehuis,4.7,10:00-23:00,Open All Days,+998 90 524 11 11,"Q82H+65X ""Diydor"" choyxonasi, Andijon, Oezbekistan",,https://www.google.com/maps/place/%22Diydor%22+choyxonasi/data=!4m7!3m6!1s0x38bc93490c0da3ff:0x8fcebd1fa2465cbf!8m2!3d40.750132!4d72.3261097!16s%2Fg%2F11rj4t_vp0!19sChIJ_6MNDEmTvDgRv1xGoh-9zo8?authuser=0&hl=nl&rclk=1
ChIJSVBcVh7rvDgRbuY8VfIb2kw,KAFE UZ DIYOR,,False,14,"Name: Kafe "" YULDUZ ""
link: https://www.google.com/maps/search/Kafe+%22+YULDUZ+%22/@40.7521906,72.3397702?authuser=0&hl=nl&entry=ttu
Reviews: 42 reviews

Name: Zanzhabil ""Immunitet"" oshkhonasi
link: https://www.google.com/maps/search/%D0%97%D0%B0%D0%BD%D0%B6%D0%B0%D0%B1%D0%B8%D0%BB+%22%D0%98%D0%BC%D0%BC%D1%83%D0%BD%D0%B8%D1%82%D0%B5%D1%82%22+%D0%BE%D1%88%D1%85%D0%BE%D0%BD%D0%B0%D1%81%D0%B8/@40.75587,72.3417319?authuser=0&hl=nl&entry=ttu
Reviews: 12 reviews

Name: Kafe DYUSHES Andijon
link: https://www.google.com/maps/search/Kafe+DYUSHES+Andijon/@40.761165999999996,72.3588773?authuser=0&hl=nl&entry=ttu
Reviews: 8 reviews

Name: Gumbaz Burger
link: https://www.google.com/maps/search/Gumbaz+Burger/@40.8018663,72.33230549999999?authuser=0&hl=nl&entry=ttu
Reviews: 5 reviews",,KAFE UZ DIYOR (eigenaar),,https://lh5.googleusercontent.com/p/AF1QipPXa3Fj43cM64xQacVrp1gfUcN_f5T2gi6rtYIk=w408-h305-k-no,Cafe,Cafe,4.2,08:00-23:00,Open All Days,+998 74 225 44 45,"Q8WM+P5C KAFE UZ DIYOR, Andijon, Oezbekistan",,https://www.google.com/maps/place/KAFE+UZ+DIYOR/data=!4m7!3m6!1s0x38bceb1e565c5049:0x4cda1bf2553ce66e!8m2!3d40.7968183!4d72.3328817!16s%2Fg%2F11h4tn36zr!19sChIJSVBcVh7rvDgRbuY8VfIb2kw?authuser=0&hl=nl&rclk=1
ChIJ5SCRf_ztvDgRw0HjRMpM4Qo,UZ KAFE,,False,14,"Name: Kafe Yalla
link: https://www.google.com/maps/search/Kafe+Yalla/@40.78285950000001,72.3463673?authuser=0&hl=nl&entry=ttu
Reviews: 88 reviews

Name: Uzbechka Andijan
link: https://www.google.com/maps/search/Uzbechka+Andijan/@40.751683799999995,72.34196930000002?authuser=0&hl=nl&entry=ttu
Reviews: 40 reviews

Name: Kafe Rubai
link: https://www.google.com/maps/search/Kafe+Rubai/@40.7480754,72.3626907?authuser=0&hl=nl&entry=ttu
Reviews: 13 reviews

Name: Kafe Uz Durum
link: https://www.google.com/maps/search/Kafe+Uz+Durum/@40.7713971,72.3397762?authuser=0&hl=nl&entry=ttu
Reviews: 5 reviews

Name: Kafe
link: https://www.google.com/maps/search/Kafe/@40.7878286,72.3441514?authuser=0&hl=nl&entry=ttu
Reviews: 2 reviews",,UZ KAFE (eigenaar),https://www.google.com/maps/contrib/103528372434305232006,https://lh5.googleusercontent.com/p/AF1QipOnApou0gV33kp0P3tNSfFLZ9NBn8GnLyiVRWUZ=w408-h408-k-no,Cafe,Cafe,4.6,,Open All Days,+998 97 999 00 59,"UZ KAFE, Andijan, Oezbekistan",,https://www.google.com/maps/place/UZ+KAFE/data=!4m7!3m6!1s0x38bcedfc7f9120e5:0xae14cca44e341c3!8m2!3d40.7852933!4d72.3467309!16s%2Fg%2F11gxx69y_9!19sChIJ5SCRf_ztvDgRw0HjRMpM4Qo?authuser=0&hl=nl&rclk=1
ChIJDSJPsCTtvDgRotCPkkIOEkc,CAFE FRIENDS,,False,14,"Name: Kafe "" YULDUZ ""
link: https://www.google.com/maps/search/Kafe+%22+YULDUZ+%22/@40.7521906,72.3397702?authuser=0&hl=nl&entry=ttu
Reviews: 42 reviews

Name: Uzbechka Andijan
link: https://www.google.com/maps/search/Uzbechka+Andijan/@40.751683799999995,72.34196930000002?authuser=0&hl=nl&entry=ttu
Reviews: 40 reviews

Name: Coffee Room
link: https://www.google.com/maps/search/Coffee+Room/@40.744054299999995,72.34568349999999?authuser=0&hl=nl&entry=ttu
Reviews: 25 reviews

Name: Cafe Americano
link: https://www.google.com/maps/search/Cafe+Americano/@40.754405399999996,72.3572198?authuser=0&hl=nl&entry=ttu
Reviews: 8 reviews

Name: Kafe DYUSHES Andijon
link: https://www.google.com/maps/search/Kafe+DYUSHES+Andijon/@40.761165999999996,72.3588773?authuser=0&hl=nl&entry=ttu
Reviews: 8 reviews",,CAFE FRIENDS (eigenaar),,https://lh5.googleusercontent.com/p/AF1QipOF-q2dXZ5ZVQh5MAqmd8RDNU6X75fJWLM2j2M9=w426-h240-k-no,Cafe,Cafe,4.7,09:00-23:00,Open All Days,+998 91 168 07 77,"Q86P+VCW CAFE FRIENDS, Andizhan city hidraliyev70, Andijan, Oezbekistan",,https://www.google.com/maps/place/CAFE+FRIENDS/data=!4m7!3m6!1s0x38bced24b04f220d:0x47120e42928fd0a2!8m2!3d40.7602054!4d72.3343789!16s%2Fg%2F11g0tp9g56!19sChIJDSJPsCTtvDgRotCPkkIOEkc?authuser=0&hl=nl&rclk=1
ChIJFTyofcLtvDgRjD9kZhwknNk,"""Bon""kafe g.Andizhan",,False,13,,,"""Bon""kafe g.Andizhan (eigenaar)",,https://lh5.googleusercontent.com/p/AF1QipMikdVcTLMMyKX6H6pB1t9S2OqZ0yiW7UOFlGWV=w408-h725-k-no,Koffiebar,Koffiebar,4.3,,Open All Days,,"Q927+VCG ""Bon""kafe g.Andizhan, Andijan, Oezbekistan",,https://www.google.com/maps/place/%22Bon%22%D0%BA%D0%B0%D1%84%D0%B5+%D0%B3.%D0%90%D0%BD%D0%B4%D0%B8%D0%B6%D0%B0%D0%BD/data=!4m7!3m6!1s0x38bcedc27da83c15:0xd99c241c66643f8c!8m2!3d40.7521933!4d72.3635926!16s%2Fg%2F11kj_q5d_b!19sChIJFTyofcLtvDgRjD9kZhwknNk?authuser=0&hl=nl&rclk=1
ChIJHZI5lh3tvDgRoTOOBJxjKyA,Kafe Rubai,,False,13,"Name: Kafe Yalla
link: https://www.google.com/maps/search/Kafe+Yalla/@40.78285950000001,72.3463673?authuser=0&hl=nl&entry=ttu
Reviews: 88 reviews

Name: Kafe "" YULDUZ ""
link: https://www.google.com/maps/search/Kafe+%22+YULDUZ+%22/@40.7521906,72.3397702?authuser=0&hl=nl&entry=ttu
Reviews: 42 reviews

Name: Al Baroka cafe & restaurant
link: https://www.google.com/maps/search/Al+Baroka+cafe+%26+restaurant/@40.7270392,72.37562369999999?authuser=0&hl=nl&entry=ttu
Reviews: 23 reviews

Name: UZ KAFE
link: https://www.google.com/maps/search/UZ+KAFE/@40.7852933,72.3467309?authuser=0&hl=nl&entry=ttu
Reviews: 14 reviews

Name: Andijon Restaurant
link: https://www.google.com/maps/search/Andijon+Restaurant/@40.7496126,72.34568449999999?authuser=0&hl=nl&entry=ttu
Reviews: 6 reviews",,Kafe Rubai (eigenaar),,https://lh5.googleusercontent.com/p/AF1QipNZTAXXGb1wf40230t-XvbbREBPFAcrJhUU6Dam=w426-h240-k-no,Cafe,Cafe,4.2,24 uur geopend,Open All Days,+998 93 425 04 40,"P9X7+63P Kafe Rubai, Andijan, Oezbekistan",,https://www.google.com/maps/place/Kafe+Rubai/data=!4m7!3m6!1s0x38bced1d9639921d:0x202b639c048e33a1!8m2!3d40.7480754!4d72.3626907!16s%2Fg%2F11cs4c300g!19sChIJHZI5lh3tvDgRoTOOBJxjKyA?authuser=0&hl=nl&rclk=1
ChIJO0WL6gntvDgR5nPcTXJXxSU,OXXO KAFE,,False,11,"Name: Oshkhona Oshxona
link: https://www.google.com/maps/search/%D0%9E%D1%88%D1%85%D0%BE%D0%BD%D0%B0+Oshxona/@40.7447844,72.31972069999999?authuser=0&hl=nl&entry=ttu
Reviews: 4 reviews

Name: Oshxona
link: https://www.google.com/maps/search/Oshxona/@40.7435901,72.3292828?authuser=0&hl=nl&entry=ttu
Reviews: 0 reviews

Name: Javlon choyhonasi
link: https://www.google.com/maps/search/Javlon+choyhonasi/@40.7706951,72.36356780000001?authuser=0&hl=nl&entry=ttu
Reviews: 0 reviews",,OXXO KAFE (eigenaar),https://www.google.com/maps/contrib/106217961043499009162,https://lh5.googleusercontent.com/p/AF1QipO7hgXzhAaHunerr_R3i6gQ3DFiVUYYLaGb9tdK=w426-h240-k-no,Koffiebar,Koffiebar,4.3,24 uur geopend,Open All Days,+998 90 257 90 90,"OXXO KAFE, Andijon, Oezbekistan",,https://www.google.com/maps/place/OXXO+KAFE/data=!4m7!3m6!1s0x38bced09ea8b453b:0x25c557724ddc73e6!8m2!3d40.7441014!4d72.3353788!16s%2Fg%2F11s8kw8g45!19sChIJO0WL6gntvDgR5nPcTXJXxSU?authuser=0&hl=nl&rclk=1
ChIJQWYXS6LsvDgRiZqWHvChlUE,Rayxon,,False,10,"Name: Uzbechka Andijan
link: https://www.google.com/maps/search/Uzbechka+Andijan/@40.751683799999995,72.34196930000002?authuser=0&hl=nl&entry=ttu
Reviews: 40 reviews

Name: NIHOL Oshxonasi
link: https://www.google.com/maps/search/NIHOL+Oshxonasi/@40.7701711,72.3653673?authuser=0&hl=nl&entry=ttu
Reviews: 9 reviews

Name: Cafe Americano
link: https://www.google.com/maps/search/Cafe+Americano/@40.754405399999996,72.3572198?authuser=0&hl=nl&entry=ttu
Reviews: 8 reviews

Name: Rayxon milliy taomlari Andijon
link: https://www.google.com/maps/search/Rayxon+milliy+taomlari+Andijon/@40.7598297,72.3683862?authuser=0&hl=nl&entry=ttu
Reviews: 2 reviews

Name: Rayyona
link: https://www.google.com/maps/search/Rayyona/@40.7440716,72.3310168?authuser=0&hl=nl&entry=ttu
Reviews: 1 reviews",,Rayxon (eigenaar),https://www.google.com/maps/contrib/107871049878775700067,https://lh5.googleusercontent.com/p/AF1QipPvGYnTnsc6bm5ITj5FTutUanlbX8G-BO5w5FUS=w408-h306-k-no,Cafe,Cafe,3.9,18:00-23:30,Open All Days,+998 95 200 82 22,"Rayxon, Andijan, Oezbekistan",,https://www.google.com/maps/place/Rayxon/data=!4m7!3m6!1s0x38bceca24b176641:0x4195a1f01e969a89!8m2!3d40.7805068!4d72.3519354!16s%2Fg%2F11g9qhlh0c!19sChIJQWYXS6LsvDgRiZqWHvChlUE?authuser=0&hl=nl&rclk=1
ChIJbwZ1VZWVvDgRAEIxPt0bxKA,Andijon Shahar Farobiy MFY Fahriylar Ko'chasi,,False,10,"Name: Kafe "" YULDUZ ""
link: https://www.google.com/maps/search/Kafe+%22+YULDUZ+%22/@40.7521906,72.3397702?authuser=0&hl=nl&entry=ttu
Reviews: 42 reviews

Name: CAFE FRIENDS
link: https://www.google.com/maps/search/CAFE+FRIENDS/@40.7602054,72.33437889999999?authuser=0&hl=nl&entry=ttu
Reviews: 14 reviews

Name: FAYZ Milliy taomlari
link: https://www.google.com/maps/search/FAYZ+Milliy+taomlari/@40.7664543,72.3621103?authuser=0&hl=nl&entry=ttu
Reviews: 8 reviews

Name: ""Rizq"" choyxonasi
link: https://www.google.com/maps/search/%22Rizq%22+choyxonasi/@40.7836773,72.3087218?authuser=0&hl=nl&entry=ttu
Reviews: 4 reviews

Name: Fayz (milliy taomlar)
link: https://www.google.com/maps/search/Fayz+%28milliy+taomlar%29/@40.8485563,72.32312499999999?authuser=0&hl=nl&entry=ttu
Reviews: 1 reviews",,Andijon Shahar Farobiy MFY Fahriylar Ko'chasi (eigenaar),,https://lh5.googleusercontent.com/p/AF1QipMOAlR20yw71dpuDW5GvCP3tzA3zD3td-I5hB1M=w408-h408-k-no,Cafe,Cafe,4.2,09:00-23:00,Open All Days,+998 91 287 85 55,"Q8M4+86C Andijon Shahar Farobiy MFY Fahriylar Ko'chasi, Andijon viloyati Andijon shahri Farobiy MFY Faxriylar ko`chasi, Andijon, Oezbekistan",,https://www.google.com/maps/place/Andijon+Shahar+Farobiy+MFY+Fahriylar+Ko%27chasi/data=!4m7!3m6!1s0x38bc95955575066f:0xa0c41bdd3e314200!8m2!3d40.7833162!4d72.3055033!16s%2Fg%2F11h2ff54l0!19sChIJbwZ1VZWVvDgRAEIxPt0bxKA?authuser=0&hl=nl&rclk=1
ChIJ63QSKZjtvDgR7yyIMv7aXrU,"""O'rikzor"" choyxonasi",,False,10,"Name: ""Movarounnahr"" Choyxonasi
link: https://www.google.com/maps/search/%22Movarounnahr%22+Choyxonasi/@40.753105399999995,72.35864699999999?authuser=0&hl=nl&entry=ttu
Reviews: 58 reviews

Name: ""Andijon City"" choyxona
link: https://www.google.com/maps/search/%22Andijon+City%22+choyxona/@40.7617067,72.3610982?authuser=0&hl=nl&entry=ttu
Reviews: 33 reviews

Name: ""Oqshom"" choyxonasi
link: https://www.google.com/maps/search/%22Oqshom%22+choyxonasi/@40.750500599999995,72.34293149999999?authuser=0&hl=nl&entry=ttu
Reviews: 22 reviews

Name: ""Registon"" choyxonasi
link: https://www.google.com/maps/search/%22Registon%22+choyxonasi/@40.775715399999996,72.3743242?authuser=0&hl=nl&entry=ttu
Reviews: 16 reviews

Name: ""Behizor"" choyxonasi
link: https://www.google.com/maps/search/%22Behizor%22+choyxonasi/@40.7491323,72.3244825?authuser=0&hl=nl&entry=ttu
Reviews: 4 reviews",,"""O'rikzor"" choyxonasi (eigenaar)",,https://lh5.googleusercontent.com/p/AF1QipOScdBC-ei3zPvfE9BXeIh-oHo11_LmR7I3u9U0=w426-h240-k-no,Theehuis,Theehuis,5,10:00-23:00,Open All Days,+998 74 226 39 49,"""O'rikzor"" choyxonasi, ulitsa Mashrab Dom 19, 170134, Oezbekistan",,https://www.google.com/maps/place/%22O%27rikzor%22+choyxonasi/data=!4m7!3m6!1s0x38bced98291274eb:0xb55edafe32882cef!8m2!3d40.7492687!4d72.3516206!16s%2Fg%2F11kmwk70h0!19sChIJ63QSKZjtvDgR7yyIMv7aXrU?authuser=0&hl=nl&rclk=1
ChIJc0J7tamUvDgRRagjegUCDKg,Evro Kalyan Centre,,False,10,"Name: Kafe Yalla
link: https://www.google.com/maps/search/Kafe+Yalla/@40.78285950000001,72.3463673?authuser=0&hl=nl&entry=ttu
Reviews: 88 reviews

Name: Coffee Room
link: https://www.google.com/maps/search/Coffee+Room/@40.744054299999995,72.34568349999999?authuser=0&hl=nl&entry=ttu
Reviews: 25 reviews

Name: ""Sharshara"" choyxonasi
link: https://www.google.com/maps/search/%22Sharshara%22+choyxonasi/@40.7779403,72.30156800000002?authuser=0&hl=nl&entry=ttu
Reviews: 22 reviews

Name: CAFE FRIENDS
link: https://www.google.com/maps/search/CAFE+FRIENDS/@40.7602054,72.33437889999999?authuser=0&hl=nl&entry=ttu
Reviews: 14 reviews

Name: Kafe Rubai
link: https://www.google.com/maps/search/Kafe+Rubai/@40.7480754,72.3626907?authuser=0&hl=nl&entry=ttu
Reviews: 13 reviews",,Evro Kalyan Centre (eigenaar),,https://lh5.googleusercontent.com/p/AF1QipMuXw26wuCTt4PscePmUjK4lLUaVCyZxNA0DZtQ=w408-h306-k-no,Cafe,Cafe,3.7,10:00-00:00,Open All Days,+998 93 427 20 20,"Q8MC+CX6 Evro Kalyan Centre, .Piyozpaya), Andijan, Oezbekistan",,https://www.google.com/maps/place/Evro+Kalyan+Centre/data=!4m7!3m6!1s0x38bc94a9b57b4273:0xa80c02057a23a845!8m2!3d40.7835265!4d72.3223793!16s%2Fg%2F11dyx8f97p!19sChIJc0J7tamUvDgRRagjegUCDKg?authuser=0&hl=nl&rclk=1
ChIJxeklHX3tvDgRA3fWEKsBBT0,madison,,False,9,"Name: Kafe 35+
link: https://www.google.com/maps/search/Kafe+35%2B/@40.7436589,72.3369345?authuser=0&hl=nl&entry=ttu
Reviews: 4 reviews

Name: Jalabek
link: https://www.google.com/maps/search/Jalabek/@40.7601862,72.3345037?authuser=0&hl=nl&entry=ttu
Reviews: 3 reviews

Name: Mega_andijan
link: https://www.google.com/maps/search/Mega_andijan/@40.788866299999995,72.3319606?authuser=0&hl=nl&entry=ttu
Reviews: 3 reviews

Name: Kafe ""Veranda""
link: https://www.google.com/maps/search/Kafe+%22Veranda%22/@40.7473965,72.3403391?authuser=0&hl=nl&entry=ttu
Reviews: 2 reviews

Name: Yasin
link: https://www.google.com/maps/search/Yasin/@40.7836329,72.34600619999999?authuser=0&hl=nl&entry=ttu
Reviews: 0 reviews",,madison (eigenaar),,https://lh5.googleusercontent.com/p/AF1QipPzuX2FrEVaoFlwaHD5OT6SubI2STlvKOu4AcNw=w408-h544-k-no,Cafe,Cafe,4.9,,Open All Days,,"P8WP+54F madison, Andijan, Oezbekistan",,https://www.google.com/maps/place/madison/data=!4m7!3m6!1s0x38bced7d1d25e9c5:0x3d0501ab10d67703!8m2!3d40.7454452!4d72.3352859!16s%2Fg%2F11tjx9mx61!19sChIJxeklHX3tvDgRA3fWEKsBBT0?authuser=0&hl=nl&rclk=1
ChIJKf62VKfsvDgRtPC41R45hGI,Afro Turk & Grill,,False,9,"Name: Kafe Yalla
link: https://www.google.com/maps/search/Kafe+Yalla/@40.78285950000001,72.3463673?authuser=0&hl=nl&entry=ttu
Reviews: 88 reviews

Name: ALI BABA Turkish restaurant
link: https://www.google.com/maps/search/ALI+BABA+Turkish+restaurant/@40.7663259,72.35744070000001?authuser=0&hl=nl&entry=ttu
Reviews: 69 reviews

Name: UzTurk 2
link: https://www.google.com/maps/search/UzTurk+2/@40.7569527,72.3431398?authuser=0&hl=nl&entry=ttu
Reviews: 12 reviews

Name: Gril', Grill (Tavakkalbek)
link: https://www.google.com/maps/search/%D0%93%D1%80%D0%B8%D0%BB%D1%8C%2C+Grill+%28Tavakkalbek%29/@40.7434437,72.3295141?authuser=0&hl=nl&entry=ttu
Reviews: 3 reviews

Name: Grilla
link: https://www.google.com/maps/search/Grilla/@40.7508264,72.3488071?authuser=0&hl=nl&entry=ttu
Reviews: 1 reviews",,Afro Turk & Grill (eigenaar),,https://lh5.googleusercontent.com/p/AF1QipOoqa4BfKBHvwOPKKtd4_Y6NKnKB8EdqrcnFdLW=w408-h306-k-no,Cafe,Cafe,4.9,09:00-23:00,Open All Days,+998 95 202 11 17,"Afro Turk & Grill, 10 No.  cho'lpon ko'cha Andijon shahar O, Oezbekistan",,https://www.google.com/maps/place/Afro+Turk+%26+Grill/data=!4m7!3m6!1s0x38bceca754b6fe29:0x6284391ed5b8f0b4!8m2!3d40.786112!4d72.3488374!16s%2Fg%2F11gg4t0q85!19sChIJKf62VKfsvDgRtPC41R45hGI?authuser=0&hl=nl&rclk=1
ChIJZ5lRlbntvDgRFR_h5RtxJS0,UZTURK,,False,9,"Name: Kafe Yalla
link: https://www.google.com/maps/search/Kafe+Yalla/@40.78285950000001,72.3463673?authuser=0&hl=nl&entry=ttu
Reviews: 88 reviews

Name: Kafe "" YULDUZ ""
link: https://www.google.com/maps/search/Kafe+%22+YULDUZ+%22/@40.7521906,72.3397702?authuser=0&hl=nl&entry=ttu
Reviews: 42 reviews

Name: Uzbechka Andijan
link: https://www.google.com/maps/search/Uzbechka+Andijan/@40.751683799999995,72.34196930000002?authuser=0&hl=nl&entry=ttu
Reviews: 40 reviews

Name: Kafe Rubai
link: https://www.google.com/maps/search/Kafe+Rubai/@40.7480754,72.3626907?authuser=0&hl=nl&entry=ttu
Reviews: 13 reviews

Name: UzTurk 2
link: https://www.google.com/maps/search/UzTurk+2/@40.7569527,72.3431398?authuser=0&hl=nl&entry=ttu
Reviews: 12 reviews",,UZTURK (eigenaar),,https://lh5.googleusercontent.com/p/AF1QipP92-UsZo8clrjbb8bqxf1DNVW_gfhqcgAcDAzB=w408-h306-k-no,Cafe,Cafe,3.6,,Open All Days,,"Q953+VC2 UZTURK, ulitsa Bobur Shokh, Andijan, Oezbekistan",,https://www.google.com/maps/place/UZTURK/data=!4m7!3m6!1s0x38bcedb995519967:0x2d25711be5e11f15!8m2!3d40.7596311!4d72.3535042!16s%2Fg%2F11q8vrxpmj!19sChIJZ5lRlbntvDgRFR_h5RtxJS0?authuser=0&hl=nl&rclk=1
ChIJ7YcjuZLsvDgRdufUd3rchyU,NIHOL Oshxonasi,,False,9,"Name: ""Movarounnahr"" Choyxonasi
link: https://www.google.com/maps/search/%22Movarounnahr%22+Choyxonasi/@40.753105399999995,72.35864699999999?authuser=0&hl=nl&entry=ttu
Reviews: 58 reviews

Name: ""Oqshom"" choyxonasi
link: https://www.google.com/maps/search/%22Oqshom%22+choyxonasi/@40.750500599999995,72.34293149999999?authuser=0&hl=nl&entry=ttu
Reviews: 22 reviews

Name: Rayxon
link: https://www.google.com/maps/search/Rayxon/@40.7805068,72.3519354?authuser=0&hl=nl&entry=ttu
Reviews: 10 reviews

Name: Kafe DYUSHES Andijon
link: https://www.google.com/maps/search/Kafe+DYUSHES+Andijon/@40.761165999999996,72.3588773?authuser=0&hl=nl&entry=ttu
Reviews: 8 reviews

Name: Javlon choyhonasi
link: https://www.google.com/maps/search/Javlon+choyhonasi/@40.7706951,72.36356780000001?authuser=0&hl=nl&entry=ttu
Reviews: 0 reviews",,NIHOL Oshxonasi (eigenaar),,https://lh5.googleusercontent.com/p/AF1QipO5iYvx9whXCa8F7SDskkK4s60X4jyDltrk5Fl3=w408-h306-k-no,Cafe,Cafe,3.3,08:00-18:00,Open All Days,,"Q9C8+349 NIHOL Oshxonasi, Andijan, Oezbekistan",,https://www.google.com/maps/place/NIHOL+Oshxonasi/data=!4m7!3m6!1s0x38bcec92b92387ed:0x2587dc7a77d4e776!8m2!3d40.7701711!4d72.3653673!16s%2Fg%2F11g7_df5nd!19sChIJ7YcjuZLsvDgRdufUd3rchyU?authuser=0&hl=nl&rclk=1
ChIJSelyBoSVvDgR_UrQiZt1YI8,"""Al-Fajr"" choyxonasi",,False,9,"Name: ""Diydor"" choyxonasi
link: https://www.google.com/maps/search/%22Diydor%22+choyxonasi/@40.750132,72.32610970000002?authuser=0&hl=nl&entry=ttu
Reviews: 14 reviews

Name: Andijon Shahar Farobiy MFY Fahriylar Ko'chasi
link: https://www.google.com/maps/search/Andijon+Shahar+Farobiy+MFY+Fahriylar+Ko%27chasi/@40.7833162,72.3055033?authuser=0&hl=nl&entry=ttu
Reviews: 10 reviews

Name: FAYZ Milliy taomlari
link: https://www.google.com/maps/search/FAYZ+Milliy+taomlari/@40.7664543,72.3621103?authuser=0&hl=nl&entry=ttu
Reviews: 8 reviews

Name: OMAD CHOYXONASI
link: https://www.google.com/maps/search/OMAD+CHOYXONASI/@40.7585598,72.33606879999999?authuser=0&hl=nl&entry=ttu
Reviews: 6 reviews

Name: ""Rizq"" choyxonasi
link: https://www.google.com/maps/search/%22Rizq%22+choyxonasi/@40.7836773,72.3087218?authuser=0&hl=nl&entry=ttu
Reviews: 4 reviews",,"""Al-Fajr"" choyxonasi (eigenaar)",,https://lh5.googleusercontent.com/p/AF1QipPbOKDv9td85XbGIIWCT8BtEdjvw9-hj3-5NeBI=w408-h544-k-no,Theehuis,Theehuis,4.6,10:00-23:00,Open All Days,+998 95 200 46 46,"Q8M6+FMP ""Al-Fajr"" choyxonasi, Andijon, Oezbekistan",,https://www.google.com/maps/place/%22Al-Fajr%22+choyxonasi/data=!4m7!3m6!1s0x38bc95840672e949:0x8f60759b89d04afd!8m2!3d40.7838359!4d72.3117334!16s%2Fg%2F11q3l79x0t!19sChIJSelyBoSVvDgR_UrQiZt1YI8?authuser=0&hl=nl&rclk=1
ChIJc7X6hy_tvDgRg_KNyFvc3EI,Aziz Parkhez Taomlari,,False,9,"Name: Uzbechka Andijan
link: https://www.google.com/maps/search/Uzbechka+Andijan/@40.751683799999995,72.34196930000002?authuser=0&hl=nl&entry=ttu
Reviews: 40 reviews

Name: ""Oqshom"" choyxonasi
link: https://www.google.com/maps/search/%22Oqshom%22+choyxonasi/@40.750500599999995,72.34293149999999?authuser=0&hl=nl&entry=ttu
Reviews: 22 reviews

Name: Kafe Ipak Yuli
link: https://www.google.com/maps/search/Kafe+Ipak+Yuli/@40.760457599999995,72.35377369999999?authuser=0&hl=nl&entry=ttu
Reviews: 6 reviews

Name: ""Behizor"" choyxonasi
link: https://www.google.com/maps/search/%22Behizor%22+choyxonasi/@40.7491323,72.3244825?authuser=0&hl=nl&entry=ttu
Reviews: 4 reviews",,Aziz Parkhez Taomlari (eigenaar),,https://lh5.googleusercontent.com/p/AF1QipOmCRlXhF_j-ZBjxbxgwj_0hYV5aptET0tmVuQ5=w408-h408-k-no,Cafe,Cafe,4.1,08:00-22:00,Open All Days,+998 95 200 14 79,"Q84P+749 Aziz Parkhez Taomlari, Andijan, Oezbekistan",,https://www.google.com/maps/place/Aziz+Parkhez+Taomlari/data=!4m7!3m6!1s0x38bced2f87fab573:0x42dcdc5bc88df283!8m2!3d40.7556723!4d72.3353526!16s%2Fg%2F11h2qmr4j0!19sChIJc7X6hy_tvDgRg_KNyFvc3EI?authuser=0&hl=nl&rclk=1
ChIJjbV2duuVvDgRk3SGUsMKwWQ,Kafe Kafe,,False,8,"Name: KAFE UZ DIYOR
link: https://www.google.com/maps/search/KAFE+UZ+DIYOR/@40.7968183,72.3328817?authuser=0&hl=nl&entry=ttu
Reviews: 14 reviews

Name: Zaytun milliy taomlari
link: https://www.google.com/maps/search/Zaytun+milliy+taomlari/@40.8564339,72.3173506?authuser=0&hl=nl&entry=ttu
Reviews: 14 reviews

Name: Kafe DYUSHES Andijon
link: https://www.google.com/maps/search/Kafe+DYUSHES+Andijon/@40.761165999999996,72.3588773?authuser=0&hl=nl&entry=ttu
Reviews: 8 reviews

Name: Kafe ""Veranda""
link: https://www.google.com/maps/search/Kafe+%22Veranda%22/@40.7473965,72.3403391?authuser=0&hl=nl&entry=ttu
Reviews: 2 reviews",,Kafe Kafe (eigenaar),,https://lh5.googleusercontent.com/p/AF1QipMjBGgDl1zGtKLK6Okj25E0HP3dYEYruoPWOa_A=w426-h240-k-no,Cafe,Cafe,3.6,08:00-20:00,Open All Days,,"V857+68M Kafe Kafe, Andijon, Oezbekistan",,https://www.google.com/maps/place/Kafe+Kafe/data=!4m7!3m6!1s0x38bc95eb7676b58d:0x64c10ac352867493!8m2!3d40.8580759!4d72.3132861!16s%2Fg%2F11gw1xz_2c!19sChIJjbV2duuVvDgRk3SGUsMKwWQ?authuser=0&hl=nl&rclk=1
ChIJT0p5w9ntvDgRkJgZt5Mm1Vw,Kafe DYUSHES Andijon,,False,8,"Name: Kafe "" YULDUZ ""
link: https://www.google.com/maps/search/Kafe+%22+YULDUZ+%22/@40.7521906,72.3397702?authuser=0&hl=nl&entry=ttu
Reviews: 42 reviews

Name: Uzbechka Andijan
link: https://www.google.com/maps/search/Uzbechka+Andijan/@40.751683799999995,72.34196930000002?authuser=0&hl=nl&entry=ttu
Reviews: 40 reviews

Name: ASR Andijon
link: https://www.google.com/maps/search/ASR+Andijon/@40.7493832,72.3447474?authuser=0&hl=nl&entry=ttu
Reviews: 24 reviews

Name: CAFE FRIENDS
link: https://www.google.com/maps/search/CAFE+FRIENDS/@40.7602054,72.33437889999999?authuser=0&hl=nl&entry=ttu
Reviews: 14 reviews",,Kafe DYUSHES Andijon (eigenaar),,https://lh5.googleusercontent.com/p/AF1QipNkT3teMUdhRHAARs8If8k1lu0W10oQM413IBb7=w408-h306-k-no,Cafe,Cafe,4.3,06:00-22:00,Open All Days,+998 94 106 11 77,"Q965+FH6 Kafe DYUSHES Andijon, Andijon, Oezbekistan",,https://www.google.com/maps/place/Kafe+DYUSHES+Andijon/data=!4m7!3m6!1s0x38bcedd9c3794a4f:0x5cd52693b7199890!8m2!3d40.761166!4d72.3588773!16s%2Fg%2F11hzpd09q_!19sChIJT0p5w9ntvDgRkJgZt5Mm1Vw?authuser=0&hl=nl&rclk=1
ChIJ7_OlbgaVvDgRup8DeoFOsIg,Bonissimo - cafe dubai,,False,8,,,Bonissimo - cafe dubai (eigenaar),https://www.google.com/maps/contrib/117570386803741435695,https://lh5.googleusercontent.com/p/AF1QipNCGcfTo7TqN63-Yo2xvgSs770d2WSqrO_dzV7_=w408-h725-k-no,Koffiebar,Koffiebar,4.5,,Open All Days,+998 90 540 09 00,"Bonissimo - cafe dubai, Andijan, Oezbekistan",,https://www.google.com/maps/place/Bonissimo+-+cafe+dubai/data=!4m7!3m6!1s0x38bc95066ea5f3ef:0x88b04e817a039fba!8m2!3d40.7519455!4d72.34001!16s%2Fg%2F11kjjs7hkq!19sChIJ7_OlbgaVvDgRup8DeoFOsIg?authuser=0&hl=nl&rclk=1
ChIJxc5tTvLtvDgR_5euUkOfwgU,Khortum,,False,8,"Name: ""Movarounnahr"" Choyxonasi
link: https://www.google.com/maps/search/%22Movarounnahr%22+Choyxonasi/@40.753105399999995,72.35864699999999?authuser=0&hl=nl&entry=ttu
Reviews: 58 reviews

Name: Xortum bozorcha
link: https://www.google.com/maps/search/Xortum+bozorcha/@40.7450364,72.40583?authuser=0&hl=nl&entry=ttu
Reviews: 7 reviews

Name: Kafe Tik-Tak
link: https://www.google.com/maps/search/%D0%9A%D0%B0%D1%84%D0%B5+Tik-Tak/@40.755972199999995,72.3559123?authuser=0&hl=nl&entry=ttu
Reviews: 2 reviews",,Khortum (eigenaar),,,Koffiebar,Koffiebar,4.4,11:00-00:00,Open All Days,,"PCX6+CQ4 Khortum, Andijan, Oezbekistan",,https://www.google.com/maps/place/Khortum/data=!4m7!3m6!1s0x38bcedf24e6dcec5:0x5c29f4352ae97ff!8m2!3d40.7485247!4d72.4119378!16s%2Fg%2F11p0vsdv0t!19sChIJxc5tTvLtvDgR_5euUkOfwgU?authuser=0&hl=nl&rclk=1
ChIJj4_y0KbtvDgR73aOKniJA_Y,Kafe Polvon Taomlari,,False,8,"Name: Kafe DYUSHES Andijon
link: https://www.google.com/maps/search/Kafe+DYUSHES+Andijon/@40.761165999999996,72.3588773?authuser=0&hl=nl&entry=ttu
Reviews: 8 reviews

Name: Kafe 35+
link: https://www.google.com/maps/search/Kafe+35%2B/@40.7436589,72.3369345?authuser=0&hl=nl&entry=ttu
Reviews: 4 reviews

Name: Kafe
link: https://www.google.com/maps/search/Kafe/@40.7878286,72.3441514?authuser=0&hl=nl&entry=ttu
Reviews: 2 reviews

Name: Rayyona
link: https://www.google.com/maps/search/Rayyona/@40.7440716,72.3310168?authuser=0&hl=nl&entry=ttu
Reviews: 1 reviews

Name: Shukronabegim Taomlari
link: https://www.google.com/maps/search/Shukronabegim+Taomlari/@40.7855287,72.3460624?authuser=0&hl=nl&entry=ttu
Reviews: 0 reviews",,Kafe Polvon Taomlari (eigenaar),,https://lh5.googleusercontent.com/p/AF1QipOPjx8079Xbi0kjWIIYS9Il-LSMm__roF_5tzYa=w426-h240-k-no,Cafe,Cafe,4.4,07:00-22:00,Open All Days,+998 90 385 55 53,"Q8MW+G53 Kafe Polvon Taomlari, Unnamed Road, Andijon, Oezbekistan",,https://www.google.com/maps/place/Kafe+Polvon+Taomlari/data=!4m7!3m6!1s0x38bceda6d0f28f8f:0xf60389782a8e76ef!8m2!3d40.7837688!4d72.3454257!16s%2Fg%2F11hz5_rg9d!19sChIJj4_y0KbtvDgR73aOKniJA_Y?authuser=0&hl=nl&rclk=1
ChIJ127dVV_rvDgRk7IEzVfo8nw,Pizzeria,,False,8,"Name: Kafe Yalla
link: https://www.google.com/maps/search/Kafe+Yalla/@40.78285950000001,72.3463673?authuser=0&hl=nl&entry=ttu
Reviews: 88 reviews

Name: Chopar Pizza
link: https://www.google.com/maps/search/Chopar+Pizza/@40.7863033,72.3488617?authuser=0&hl=nl&entry=ttu
Reviews: 73 reviews

Name: Uzbechka Andijan
link: https://www.google.com/maps/search/Uzbechka+Andijan/@40.751683799999995,72.34196930000002?authuser=0&hl=nl&entry=ttu
Reviews: 40 reviews

Name: UZ KAFE
link: https://www.google.com/maps/search/UZ+KAFE/@40.7852933,72.3467309?authuser=0&hl=nl&entry=ttu
Reviews: 14 reviews

Name: Pizza italiano
link: https://www.google.com/maps/search/Pizza+italiano/@40.7643857,72.3548103?authuser=0&hl=nl&entry=ttu
Reviews: 2 reviews",,Pizzeria (eigenaar),,https://lh5.googleusercontent.com/p/AF1QipPbzeQIHadanCg-uk8_xbEocpgjMGqgFJ_j9GEP=w521-h240-k-no,Cafe,Cafe,4.9,09:00-22:00,Open All Days,+998 95 204 22 24,"Q8PX+CJJ Pizzeria, Andijan, Oezbekistan",pizza,https://www.google.com/maps/place/Pizzeria/data=!4m7!3m6!1s0x38bceb5f55dd6ed7:0x7cf2e857cd04b293!8m2!3d40.786092!4d72.3490004!16s%2Fg%2F11g6_c6j53!19sChIJ127dVV_rvDgRk7IEzVfo8nw?authuser=0&hl=nl&rclk=1
ChIJkZiXIufsvDgR5IWsVs0m9xA,Cafe Americano,,False,8,"Name: Cafe Iris
link: https://www.google.com/maps/search/Cafe+Iris/@40.7555305,72.3563343?authuser=0&hl=nl&entry=ttu
Reviews: 103 reviews

Name: Uzbechka Andijan
link: https://www.google.com/maps/search/Uzbechka+Andijan/@40.751683799999995,72.34196930000002?authuser=0&hl=nl&entry=ttu
Reviews: 40 reviews

Name: Cafe Magnit
link: https://www.google.com/maps/search/Cafe+Magnit/@40.7547305,72.3569857?authuser=0&hl=nl&entry=ttu
Reviews: 29 reviews

Name: Coffee Room
link: https://www.google.com/maps/search/Coffee+Room/@40.744054299999995,72.34568349999999?authuser=0&hl=nl&entry=ttu
Reviews: 25 reviews

Name: CAFE FRIENDS
link: https://www.google.com/maps/search/CAFE+FRIENDS/@40.7602054,72.33437889999999?authuser=0&hl=nl&entry=ttu
Reviews: 14 reviews",,Cafe Americano (eigenaar),,https://lh5.googleusercontent.com/p/AF1QipPE2HIhOuMfShLnWcRR4-BISdu1SPsS0zAUI4Bf=w408-h408-k-no,Cafe,Cafe,3,07:00-23:00,Open All Days,+998 33 500 00 41,"Q934+QV9 Cafe Americano, Unnamed Road, Andijan, Oezbekistan",,https://www.google.com/maps/place/Cafe+Americano/data=!4m7!3m6!1s0x38bcece722979891:0x10f726cd56ac85e4!8m2!3d40.7544054!4d72.3572198!16s%2Fg%2F11ggng7rtk!19sChIJkZiXIufsvDgR5IWsVs0m9xA?authuser=0&hl=nl&rclk=1
ChIJExoXN83tvDgRInt-y5E3Yj4,"""Shodlik"" choyxonasi",,False,7,"Name: ""Diior"" choyxonasi
link: https://www.google.com/maps/search/%22%D0%94%D0%B8%D1%91%D1%80%22+choyxonasi/@40.7662177,72.3561947?authuser=0&hl=nl&entry=ttu
Reviews: 40 reviews

Name: ""Andijon City"" choyxona
link: https://www.google.com/maps/search/%22Andijon+City%22+choyxona/@40.7617067,72.3610982?authuser=0&hl=nl&entry=ttu
Reviews: 33 reviews

Name: ""Bo'ston City"" choyxonasi
link: https://www.google.com/maps/search/%22Bo%27ston+City%22+choyxonasi/@40.7683791,72.3864298?authuser=0&hl=nl&entry=ttu
Reviews: 29 reviews

Name: Shodlik choyxona
link: https://www.google.com/maps/search/Shodlik+choyxona/@40.8153561,72.28375?authuser=0&hl=nl&entry=ttu
Reviews: 0 reviews",,"""Shodlik"" choyxonasi (eigenaar)",,https://lh5.googleusercontent.com/p/AF1QipM6_DzUowdUcanV2s4p60wy7QawlOad9G5Yxe5Z=w408-h408-k-no,Theehuis,Theehuis,4,10:00-23:00,Open All Days,+998 95 201 19 19,"Q99P+HV2 ""Shodlik"" choyxonasi, Andijon boston, Andijan, Oezbekistan",,https://www.google.com/maps/place/%22Shodlik%22+choyxonasi/data=!4m7!3m6!1s0x38bcedcd37171a13:0x3e623791cb7e7b22!8m2!3d40.7688895!4d72.3871317!16s%2Fg%2F11rtycwm6t!19sChIJExoXN83tvDgRInt-y5E3Yj4?authuser=0&hl=nl&rclk=1
ChIJlyghxu3tvDgREv-G61Ezcp8,Friendly Cafe,,False,6,"Name: Kafe "" YULDUZ ""
link: https://www.google.com/maps/search/Kafe+%22+YULDUZ+%22/@40.7521906,72.3397702?authuser=0&hl=nl&entry=ttu
Reviews: 42 reviews

Name: Cafe Magnit
link: https://www.google.com/maps/search/Cafe+Magnit/@40.7547305,72.3569857?authuser=0&hl=nl&entry=ttu
Reviews: 29 reviews

Name: Coffee Room
link: https://www.google.com/maps/search/Coffee+Room/@40.744054299999995,72.34568349999999?authuser=0&hl=nl&entry=ttu
Reviews: 25 reviews

Name: CAFE FRIENDS
link: https://www.google.com/maps/search/CAFE+FRIENDS/@40.7602054,72.33437889999999?authuser=0&hl=nl&entry=ttu
Reviews: 14 reviews

Name: Kafe Rubai
link: https://www.google.com/maps/search/Kafe+Rubai/@40.7480754,72.3626907?authuser=0&hl=nl&entry=ttu
Reviews: 13 reviews",,Friendly Cafe (eigenaar),,https://lh5.googleusercontent.com/p/AF1QipNASIxsZJj4YP1EOaVXRV69fuBL9BMbbbNgxnSY=w408-h544-k-no,Cafe,Cafe,4.8,09:00-22:00,Open All Days,+998 90 210 40 50,"P8VR+JPF Friendly Cafe, Unnamed Road, Andijan, Oezbekistan",,https://www.google.com/maps/place/Friendly+Cafe/data=!4m7!3m6!1s0x38bcededc6212897:0x9f723351eb86ff12!8m2!3d40.7440717!4d72.3417941!16s%2Fg%2F11pgt1rwjf!19sChIJlyghxu3tvDgREv-G61Ezcp8?authuser=0&hl=nl&rclk=1
ChIJNQj_XTLrvDgRhick6-Iqu68,Online Burger,,False,6,"Name: Burger club
link: https://www.google.com/maps/search/Burger+club/@40.7578259,72.35336389999999?authuser=0&hl=nl&entry=ttu
Reviews: 18 reviews

Name: Burger Time
link: https://www.google.com/maps/search/Burger+Time/@40.7639828,72.35530589999999?authuser=0&hl=nl&entry=ttu
Reviews: 13 reviews

Name: Best Burger
link: https://www.google.com/maps/search/Best+Burger/@40.7876426,72.3316607?authuser=0&hl=nl&entry=ttu
Reviews: 12 reviews

Name: Fast Food
link: https://www.google.com/maps/search/Fast+Food/@40.7878021,72.3140019?authuser=0&hl=nl&entry=ttu
Reviews: 3 reviews

Name: Bread Burger
link: https://www.google.com/maps/search/Bread+Burger/@40.7938082,72.33261379999999?authuser=0&hl=nl&entry=ttu
Reviews: 1 reviews",,Online Burger (eigenaar),,https://lh5.googleusercontent.com/p/AF1QipMfuR5m21TnHzqadfN9F7MSZJ1vMku-WwJz16Pg=w408-h544-k-no,Koffiebar,Koffiebar,4.7,24 uur geopend,Open All Days,+998 97 233 03 33,"Q8MJ+CGM Online Burger, Uzbekistanskiy Prospekt, Andijan, Oezbekistan",,https://www.google.com/maps/place/Online+Burger/data=!4m7!3m6!1s0x38bceb325dff0835:0xafbb2ae2eb242786!8m2!3d40.7835937!4d72.3313102!16s%2Fg%2F11nmd8zh1s!19sChIJNQj_XTLrvDgRhick6-Iqu68?authuser=0&hl=nl&rclk=1
ChIJa0sNZMLsvDgRMvi3Cmqy_Os,Kafe Ipak Yuli,,False,6,"Name: Cafe Iris
link: https://www.google.com/maps/search/Cafe+Iris/@40.7555305,72.3563343?authuser=0&hl=nl&entry=ttu
Reviews: 103 reviews

Name: Buyuk Ipak yo'li milliy taomlari
link: https://www.google.com/maps/search/Buyuk+Ipak+yo%27li+milliy+taomlari/@40.745474699999995,72.3062218?authuser=0&hl=nl&entry=ttu
Reviews: 73 reviews

Name: Kafe "" YULDUZ ""
link: https://www.google.com/maps/search/Kafe+%22+YULDUZ+%22/@40.7521906,72.3397702?authuser=0&hl=nl&entry=ttu
Reviews: 42 reviews

Name: Kafe Rubai
link: https://www.google.com/maps/search/Kafe+Rubai/@40.7480754,72.3626907?authuser=0&hl=nl&entry=ttu
Reviews: 13 reviews

Name: Kafe DYUSHES Andijon
link: https://www.google.com/maps/search/Kafe+DYUSHES+Andijon/@40.761165999999996,72.3588773?authuser=0&hl=nl&entry=ttu
Reviews: 8 reviews",,Kafe Ipak Yuli (eigenaar),,https://lh5.googleusercontent.com/p/AF1QipOzKwmueGG_wbQeuE0K5YCSoU-XgENKL4qLl2YQ=w408-h544-k-no,Cafe,Cafe,4.3,08:30-23:00,Open All Days,,"Q963+5GJ Kafe Ipak Yuli, Andijan, Oezbekistan",,https://www.google.com/maps/place/Kafe+Ipak+Yuli/data=!4m7!3m6!1s0x38bcecc2640d4b6b:0xebfcb26a0ab7f832!8m2!3d40.7604576!4d72.3537737!16s%2Fg%2F11dylrhmhc!19sChIJa0sNZMLsvDgRMvi3Cmqy_Os?authuser=0&hl=nl&rclk=1
ChIJbYkl3KbsvDgRv9Iqcjbe18E,"""Diydor"" Chicken tabaka",,False,6,"Name: ""Diydor"" choyxonasi
link: https://www.google.com/maps/search/%22Diydor%22+choyxonasi/@40.750132,72.32610970000002?authuser=0&hl=nl&entry=ttu
Reviews: 14 reviews

Name: Tolzor.Tabaka.
link: https://www.google.com/maps/search/Tolzor.Tabaka./@40.7834729,72.3428109?authuser=0&hl=nl&entry=ttu
Reviews: 13 reviews

Name: Afro Turk & Grill
link: https://www.google.com/maps/search/Afro+Turk+%26+Grill/@40.786111999999996,72.3488374?authuser=0&hl=nl&entry=ttu
Reviews: 9 reviews

Name: Chorguzar tabaka
link: https://www.google.com/maps/search/Chorguzar+tabaka/@40.778217399999996,72.3493615?authuser=0&hl=nl&entry=ttu
Reviews: 4 reviews

Name: Kafe
link: https://www.google.com/maps/search/Kafe/@40.7878286,72.3441514?authuser=0&hl=nl&entry=ttu
Reviews: 2 reviews",,"""Diydor"" Chicken tabaka (eigenaar)",,https://lh5.googleusercontent.com/p/AF1QipMwiWazQCY7Ux8vU2NT3UtFVgg05tuyNhK-bYBK=w408-h544-k-no,Cafe,Cafe,5,07:00-21:00,Open All Days,+998 91 169 84 05,"Q8MX+P2P ""Diydor"" Chicken tabaka, Uzbekistanskiy Prospekt, Andijan, Oezbekistan",,https://www.google.com/maps/place/%22Diydor%22+Chicken+tabaka/data=!4m7!3m6!1s0x38bceca6dc25896d:0xc1d7de36722ad2bf!8m2!3d40.784341!4d72.3475691!16s%2Fg%2F11dy1k824x!19sChIJbYkl3KbsvDgRv9Iqcjbe18E?authuser=0&hl=nl&rclk=1
ChIJpy3jX9OTvDgRDR61XYmGR4o,.,,False,6,"Name: ASR Andijon
link: https://www.google.com/maps/search/ASR+Andijon/@40.7493832,72.3447474?authuser=0&hl=nl&entry=ttu
Reviews: 24 reviews

Name: Fresh burger
link: https://www.google.com/maps/search/Fresh+burger/@40.772867399999996,72.3377637?authuser=0&hl=nl&entry=ttu
Reviews: 3 reviews

Name: Gumus
link: https://www.google.com/maps/search/G%C3%BCm%C3%BCs/@40.7908506,72.3322862?authuser=0&hl=nl&entry=ttu
Reviews: 0 reviews

Name: Oshxona
link: https://www.google.com/maps/search/Oshxona/@40.7435901,72.3292828?authuser=0&hl=nl&entry=ttu
Reviews: 0 reviews",,. (eigenaar),https://www.google.com/maps/contrib/116563534548224795651,https://lh5.googleusercontent.com/p/AF1QipNztDb9trw2loRtOo1UIvP7JRC-rgPGML-EPIsD=w408-h306-k-no,Cafe,Cafe,4.3,,Open All Days,+998 33 991 23 44,"., Andijon, Oezbekistan",,https://www.google.com/maps/place/data=!4m7!3m6!1s0x38bc93d35fe32da7:0x8a4786895db51e0d!8m2!3d40.7488777!4d72.2989819!16s%2Fg%2F11q94wzy7k!19sChIJpy3jX9OTvDgRDR61XYmGR4o?authuser=0&hl=nl&rclk=1
ChIJ_7lwccvtvDgRuVDIIOq_W34,Kafe Uz Durum,,False,5,"Name: Kafe Yalla
link: https://www.google.com/maps/search/Kafe+Yalla/@40.78285950000001,72.3463673?authuser=0&hl=nl&entry=ttu
Reviews: 88 reviews

Name: UZ KAFE
link: https://www.google.com/maps/search/UZ+KAFE/@40.7852933,72.3467309?authuser=0&hl=nl&entry=ttu
Reviews: 14 reviews

Name: CAFE FRIENDS
link: https://www.google.com/maps/search/CAFE+FRIENDS/@40.7602054,72.33437889999999?authuser=0&hl=nl&entry=ttu
Reviews: 14 reviews

Name: Kafe DYUSHES Andijon
link: https://www.google.com/maps/search/Kafe+DYUSHES+Andijon/@40.761165999999996,72.3588773?authuser=0&hl=nl&entry=ttu
Reviews: 8 reviews

Name: Non Kabob
link: https://www.google.com/maps/search/Non+Kabob/@40.782726,72.3325067?authuser=0&hl=nl&entry=ttu
Reviews: 4 reviews",,Kafe Uz Durum (eigenaar),,,Cafe,Cafe,4.6,09:00-23:00,Open All Days,+998 94 105 88 89,"Q8CQ+HW2 Kafe Uz Durum, Andijan, Oezbekistan",,https://www.google.com/maps/place/Kafe+Uz+Durum/data=!4m7!3m6!1s0x38bcedcb7170b9ff:0x7e5bbfea20c850b9!8m2!3d40.7713971!4d72.3397762!16s%2Fg%2F11fh_86s8p!19sChIJ_7lwccvtvDgRuVDIIOq_W34?authuser=0&hl=nl&rclk=1
ChIJOcg5KMHtvDgRwQ_g4NPobuE,"Kafe ""Novza""",,False,5,,,"Kafe ""Novza"" (eigenaar)",,https://lh5.googleusercontent.com/p/AF1QipPMa1K1xT8_Pr4fBxhgATd4T5vLgxttr2uwfl5h=w408-h725-k-no,Cafe,Cafe,4.2,,Open All Days,,"P8VV+JFF Kafe ""Novza"", Andijan, Oezbekistan",,https://www.google.com/maps/place/%D0%9A%D0%B0%D1%84%D0%B5+%22Novza%22/data=!4m7!3m6!1s0x38bcedc12839c839:0xe16ee8d3e0e00fc1!8m2!3d40.7440724!4d72.3436819!16s%2Fg%2F11kqsd73_s!19sChIJOcg5KMHtvDgRwQ_g4NPobuE?authuser=0&hl=nl&rclk=1
ChIJj19XifDtvDgRBn8xAtBaA5c,RETRO TABAKA,,False,5,"Name: Cafe Iris
link: https://www.google.com/maps/search/Cafe+Iris/@40.7555305,72.3563343?authuser=0&hl=nl&entry=ttu
Reviews: 103 reviews

Name: Tolzor.Tabaka.
link: https://www.google.com/maps/search/Tolzor.Tabaka./@40.7834729,72.3428109?authuser=0&hl=nl&entry=ttu
Reviews: 13 reviews

Name: Rayxon
link: https://www.google.com/maps/search/Rayxon/@40.7805068,72.3519354?authuser=0&hl=nl&entry=ttu
Reviews: 10 reviews

Name: ""Diydor"" Chicken tabaka
link: https://www.google.com/maps/search/%22Diydor%22+Chicken+tabaka/@40.784341,72.3475691?authuser=0&hl=nl&entry=ttu
Reviews: 6 reviews

Name: Chorguzar tabaka
link: https://www.google.com/maps/search/Chorguzar+tabaka/@40.778217399999996,72.3493615?authuser=0&hl=nl&entry=ttu
Reviews: 4 reviews",,RETRO TABAKA (eigenaar),,https://lh5.googleusercontent.com/p/AF1QipONnJLOn1lnwDOnRZVhdGoPxOD-9QY4iuD0ih_C=w408-h306-k-no,Cafe,Cafe,4.2,10:00-22:00,Open All Days,+998 90 529 90 79,"Q934+CRC RETRO TABAKA, Andijon, Oezbekistan",,https://www.google.com/maps/place/RETRO+TABAKA/data=!4m7!3m6!1s0x38bcedf089575f8f:0x97035ad002317f06!8m2!3d40.7535575!4d72.3570276!16s%2Fg%2F11jdyw9y2y!19sChIJj19XifDtvDgRBn8xAtBaA5c?authuser=0&hl=nl&rclk=1
ChIJI9q1wSiTvDgRBWEs3BMdPjo,Visus Oshxonasi,,False,5,"Name: ""Vodiy"" choyxonasi
link: https://www.google.com/maps/search/%22Vodiy%22+choyxonasi/@40.748230299999996,72.32546599999999?authuser=0&hl=nl&entry=ttu
Reviews: 21 reviews

Name: Oshkhona Oshxona
link: https://www.google.com/maps/search/%D0%9E%D1%88%D1%85%D0%BE%D0%BD%D0%B0+Oshxona/@40.7447844,72.31972069999999?authuser=0&hl=nl&entry=ttu
Reviews: 4 reviews

Name: Somsaxona
link: https://www.google.com/maps/search/Somsaxona/@40.7934035,72.32567829999999?authuser=0&hl=nl&entry=ttu
Reviews: 2 reviews

Name: Milliy taomlar oshxonasi
link: https://www.google.com/maps/search/Milliy+taomlar+oshxonasi/@40.756656,72.3376526?authuser=0&hl=nl&entry=ttu
Reviews: 0 reviews

Name: Oshxona
link: https://www.google.com/maps/search/Oshxona/@40.7435901,72.3292828?authuser=0&hl=nl&entry=ttu
Reviews: 0 reviews",,Visus Oshxonasi (eigenaar),,,Cafe,Cafe,3.8,08:00-17:00,zondag,+998 91 600 93 13,"P8WC+H9M Visus Oshxonasi, A Iuldoshev, Andijon, Oezbekistan",,https://www.google.com/maps/place/Visus+Oshxonasi/data=!4m7!3m6!1s0x38bc9328c1b5da23:0x3a3e1d13dc2c6105!8m2!3d40.7464605!4d72.3209338!16s%2Fg%2F11f3bncwqx!19sChIJI9q1wSiTvDgRBWEs3BMdPjo?authuser=0&hl=nl&rclk=1
ChIJNd1pNE6VvDgR5HTTPxA4sjE,Chakkon,,False,5,"Name: Aziz Koshona
link: https://www.google.com/maps/search/Aziz+Koshona/@40.800400499999995,72.1656342?authuser=0&hl=nl&entry=ttu
Reviews: 2 reviews

Name: ""Qoraqul Ota Choyxonasi""
link: https://www.google.com/maps/search/%22Qoraqul+Ota+Choyxonasi%22/@40.840807000000005,72.32394599999999?authuser=0&hl=nl&entry=ttu
Reviews: 1 reviews

Name: Shukronabegim Taomlari
link: https://www.google.com/maps/search/Shukronabegim+Taomlari/@40.7855287,72.3460624?authuser=0&hl=nl&entry=ttu
Reviews: 0 reviews

Name: Xolxo'ja Ota
link: https://www.google.com/maps/search/Xolxo%27ja+Ota/@40.801742499999996,72.3400589?authuser=0&hl=nl&entry=ttu
Reviews: 0 reviews",,Chakkon (eigenaar),,https://lh5.googleusercontent.com/p/AF1QipME-ewisD9xFjJib6h8uIBc3e2RbuJD7f7PKb2G=w493-h240-k-no,Cafe,Cafe,5,09:00-22:30,Open All Days,+998 90 143 17 77,"R754+J7V Chakkon, Andijan, Oezbekistan",,https://www.google.com/maps/place/Chakkon/data=!4m7!3m6!1s0x38bc954e3469dd35:0x31b238103fd374e4!8m2!3d40.8091075!4d72.2556634!16s%2Fg%2F11gxg7q97c!19sChIJNd1pNE6VvDgR5HTTPxA4sjE?authuser=0&hl=nl&rclk=1
ChIJ9ePF-jKVvDgRwCBRBIkvtRk,"""Chinor"" choyxonasi",,False,5,"Name: ""Movarounnahr"" Choyxonasi
link: https://www.google.com/maps/search/%22Movarounnahr%22+Choyxonasi/@40.753105399999995,72.35864699999999?authuser=0&hl=nl&entry=ttu
Reviews: 58 reviews

Name: ""Vatan"" choyxonasi
link: https://www.google.com/maps/search/%22Vatan%22+choyxonasi/@40.7529195,72.3379264?authuser=0&hl=nl&entry=ttu
Reviews: 49 reviews

Name: ""Andijon City"" choyxona
link: https://www.google.com/maps/search/%22Andijon+City%22+choyxona/@40.7617067,72.3610982?authuser=0&hl=nl&entry=ttu
Reviews: 33 reviews

Name: ""Chinor"" Milliy Taomlari.
link: https://www.google.com/maps/search/%22Chinor%22+Milliy+Taomlari./@40.8420093,72.3242681?authuser=0&hl=nl&entry=ttu
Reviews: 24 reviews

Name: ""Shodlik"" choyxonasi
link: https://www.google.com/maps/search/%22Shodlik%22+choyxonasi/@40.7688895,72.3871317?authuser=0&hl=nl&entry=ttu
Reviews: 7 reviews",,"""Chinor"" choyxonasi (eigenaar)",,https://lh5.googleusercontent.com/p/AF1QipNTYugz4rcdxoWJQldbRgj_C7q4oDQWetGk4QFB=w408-h542-k-no,Theehuis,Theehuis,5,10:00-23:00,Open All Days,,"R8RF+RP2 ""Chinor"" choyxonasi, Andijan, Oezbekistan",,https://www.google.com/maps/place/%22Chinor%22+choyxonasi/data=!4m7!3m6!1s0x38bc9532fac5e3f5:0x19b52f89045120c0!8m2!3d40.8426807!4d72.3248947!16s%2Fg%2F11s37bz642!19sChIJ9ePF-jKVvDgRwCBRBIkvtRk?authuser=0&hl=nl&rclk=1
ChIJ--BQCuTrvDgRTABggyeD3Tw,Halol Kafe,,False,5,"Name: Do'lma O'zbek milliy taomlari
link: https://www.google.com/maps/search/Do%E2%80%98lma+O%E2%80%98zbek+milliy+taomlari/@40.8193133,72.328808?authuser=0&hl=nl&entry=ttu
Reviews: 27 reviews

Name: Oshkhona Oshxona
link: https://www.google.com/maps/search/%D0%9E%D1%88%D1%85%D0%BE%D0%BD%D0%B0+Oshxona/@40.7447844,72.31972069999999?authuser=0&hl=nl&entry=ttu
Reviews: 4 reviews

Name: ""Qoraqul Ota Choyxonasi""
link: https://www.google.com/maps/search/%22Qoraqul+Ota+Choyxonasi%22/@40.840807000000005,72.32394599999999?authuser=0&hl=nl&entry=ttu
Reviews: 1 reviews

Name: Morozhenoye I Kholodnyye Napitki
link: https://www.google.com/maps/search/Morozhenoye+I+Kholodnyye+Napitki/@40.786834999999996,72.34856549999999?authuser=0&hl=nl&entry=ttu
Reviews: 0 reviews

Name: Magnus
link: https://www.google.com/maps/search/Magnus/@40.760043599999996,72.3539041?authuser=0&hl=nl&entry=ttu
Reviews: 0 reviews",,Halol Kafe (eigenaar),,https://lh5.googleusercontent.com/p/AF1QipML1m1v-glLHZffK1jN1bHQwvsyEEbjEf2tR0kV=w408-h306-k-no,IJssalon,IJssalon,5,24 uur geopend,Open All Days,,"Halol Kafe, Massiv Kush Arik, Andijan, Oezbekistan",,https://www.google.com/maps/place/Halol+Kafe/data=!4m7!3m6!1s0x38bcebe40a50e0fb:0x3cdd83278360004c!8m2!3d40.8134292!4d72.3319433!16s%2Fg%2F11q3n6q6_7!19sChIJ--BQCuTrvDgRTABggyeD3Tw?authuser=0&hl=nl&rclk=1
ChIJ1eqNzc3tvDgRdc8T23F2eCk,Milkone coffee,,False,4,"Name: OXXO KAFE
link: https://www.google.com/maps/search/OXXO+KAFE/@40.7441014,72.3353788?authuser=0&hl=nl&entry=ttu
Reviews: 11 reviews

Name: Mega_andijan
link: https://www.google.com/maps/search/Mega_andijan/@40.788866299999995,72.3319606?authuser=0&hl=nl&entry=ttu
Reviews: 3 reviews

Name: Coffee by nimir
link: https://www.google.com/maps/search/Coffee+by+nimir/@40.7497484,72.3489585?authuser=0&hl=nl&entry=ttu
Reviews: 1 reviews

Name: Mega andijon
link: https://www.google.com/maps/search/Mega+andijon/@40.8025768,72.3325497?authuser=0&hl=nl&entry=ttu
Reviews: 1 reviews",,Milkone coffee (eigenaar),,https://lh5.googleusercontent.com/p/AF1QipPv4LIVfDjfBSVFdgG-WN2I5Wgf_mj2WdlrG4IZ=w408-h544-k-no,Koffiebar,Koffiebar,4.5,24 uur geopend,Open All Days,+998 99 827 00 10,"Q82Q+725 Milkone coffee, Andijan, Oezbekistan",,https://www.google.com/maps/place/Milkone+coffee/data=!4m7!3m6!1s0x38bcedcdcd8dead5:0x29787671db13cf75!8m2!3d40.7508701!4d72.3372241!16s%2Fg%2F11t661kzrr!19sChIJ1eqNzc3tvDgRdc8T23F2eCk?authuser=0&hl=nl&rclk=1
ChIJ______-UvDgRRyXTcttTHIY,DUNYO Cafe,,False,4,"Name: Davron Milliy Taomlar
link: https://www.google.com/maps/search/Davron+Milliy+Taomlar/@40.761871299999996,72.3623855?authuser=0&hl=nl&entry=ttu
Reviews: 24 reviews

Name: CAFE FRIENDS
link: https://www.google.com/maps/search/CAFE+FRIENDS/@40.7602054,72.33437889999999?authuser=0&hl=nl&entry=ttu
Reviews: 14 reviews

Name: Kafe Rubai
link: https://www.google.com/maps/search/Kafe+Rubai/@40.7480754,72.3626907?authuser=0&hl=nl&entry=ttu
Reviews: 13 reviews

Name: Kafe DYUSHES Andijon
link: https://www.google.com/maps/search/Kafe+DYUSHES+Andijon/@40.761165999999996,72.3588773?authuser=0&hl=nl&entry=ttu
Reviews: 8 reviews

Name: Dori
link: https://www.google.com/maps/search/Dori/@40.8153561,72.28375?authuser=0&hl=nl&entry=ttu
Reviews: 0 reviews",,DUNYO Cafe (eigenaar),,https://lh5.googleusercontent.com/p/AF1QipNvZP7VNTrKFYK2VyfXcUWlTp_Y5efWxAUU4EVU=w408-h544-k-no,Cafe,Cafe,3.5,08:30-23:00,Open All Days,+998 91 604 48 24,"R78M+4GR DUNYO Cafe, ul. Baburshakh, Andijan, Oezbekistan",,https://www.google.com/maps/place/DUNYO+Cafe/data=!4m7!3m6!1s0x38bc94ffffffffff:0x861c53db72d32547!8m2!3d40.8153561!4d72.2837501!16s%2Fg%2F11bzt277p8!19sChIJ______-UvDgRRyXTcttTHIY?authuser=0&hl=nl&rclk=1
ChIJV71U57ftvDgRDsZUVLA2SVQ,Kafe 35+,,False,4,"Name: Kafe "" YULDUZ ""
link: https://www.google.com/maps/search/Kafe+%22+YULDUZ+%22/@40.7521906,72.3397702?authuser=0&hl=nl&entry=ttu
Reviews: 42 reviews

Name: ASR Andijon
link: https://www.google.com/maps/search/ASR+Andijon/@40.7493832,72.3447474?authuser=0&hl=nl&entry=ttu
Reviews: 24 reviews

Name: Kafe DYUSHES Andijon
link: https://www.google.com/maps/search/Kafe+DYUSHES+Andijon/@40.761165999999996,72.3588773?authuser=0&hl=nl&entry=ttu
Reviews: 8 reviews

Name: Kafe ""Veranda""
link: https://www.google.com/maps/search/Kafe+%22Veranda%22/@40.7473965,72.3403391?authuser=0&hl=nl&entry=ttu
Reviews: 2 reviews",,Kafe 35+ (eigenaar),,https://lh5.googleusercontent.com/p/AF1QipP-oCGPEpIn2jKRD9XH80BlBvjP-olzVvOt9O_v=w408-h306-k-no,Cafe,Cafe,4,08:00-23:00,Open All Days,+998 90 210 00 71,"P8VP+FQ7 Kafe 35+, Andijon, Oezbekistan",,https://www.google.com/maps/place/Kafe+35%2B/data=!4m7!3m6!1s0x38bcedb7e754bd57:0x544936b05454c60e!8m2!3d40.7436589!4d72.3369345!16s%2Fg%2F11jcm_xsgx!19sChIJV71U57ftvDgRDsZUVLA2SVQ?authuser=0&hl=nl&rclk=1
ChIJP2QZreHrvDgRcPAXtkEhL64,Maydon Sharbat,,False,4,,,Maydon Sharbat (eigenaar),,https://lh5.googleusercontent.com/p/AF1QipMfQ-zWVspD5Fspe-CHj-Oxry2i0eV6CzibzvtU=w408-h306-k-no,Koffiebar,Koffiebar,5,,Open All Days,,"R82Q+CXH Maydon Sharbat, Andijan, Oezbekistan",,https://www.google.com/maps/place/Maydon+Sharbat/data=!4m7!3m6!1s0x38bcebe1ad19643f:0xae2f2141b617f070!8m2!3d40.8010685!4d72.3399781!16s%2Fg%2F11sttth02w!19sChIJP2QZreHrvDgRcPAXtkEhL64?authuser=0&hl=nl&rclk=1
ChIJ3whvdgDtvDgRnMvavduZzFg,Non Kabob,,False,4,"Name: Kafe Yalla
link: https://www.google.com/maps/search/Kafe+Yalla/@40.78285950000001,72.3463673?authuser=0&hl=nl&entry=ttu
Reviews: 88 reviews

Name: Uzbechka Andijan
link: https://www.google.com/maps/search/Uzbechka+Andijan/@40.751683799999995,72.34196930000002?authuser=0&hl=nl&entry=ttu
Reviews: 40 reviews

Name: CAFE FRIENDS
link: https://www.google.com/maps/search/CAFE+FRIENDS/@40.7602054,72.33437889999999?authuser=0&hl=nl&entry=ttu
Reviews: 14 reviews

Name: Salaam Food
link: https://www.google.com/maps/search/Salaam+Food/@40.751616299999995,72.34903419999999?authuser=0&hl=nl&entry=ttu
Reviews: 12 reviews

Name: AliBurger
link: https://www.google.com/maps/search/AliBurger/@40.766641899999996,72.3066304?authuser=0&hl=nl&entry=ttu
Reviews: 2 reviews",,Non Kabob (eigenaar),,https://lh5.googleusercontent.com/p/AF1QipPx5KA6mkEeKj_HrIymNOG7KUMak5-fn9gc5WB8=w426-h240-k-no,Cafe,Cafe,4.3,09:00-11:00,Open All Days,+998 99 435 34 34,"Q8MM+32R Non Kabob, Uzbekistanskiy Prospekt, Andijan, Oezbekistan",,https://www.google.com/maps/place/Non+Kabob/data=!4m7!3m6!1s0x38bced00766f08df:0x58cc99dbbddacb9c!8m2!3d40.782726!4d72.3325067!16s%2Fg%2F11ff4rjmmt!19sChIJ3whvdgDtvDgRnMvavduZzFg?authuser=0&hl=nl&rclk=1
ChIJcYtsroKVvDgRzxd7qD654tk,"""Rizq"" choyxonasi",,False,4,"Name: ""Andijon City"" choyxona
link: https://www.google.com/maps/search/%22Andijon+City%22+choyxona/@40.7617067,72.3610982?authuser=0&hl=nl&entry=ttu
Reviews: 33 reviews

Name: ""Anvarota"" choyxonasi
link: https://www.google.com/maps/search/%22Anvarota%22+choyxonasi/@40.789424600000004,72.3445405?authuser=0&hl=nl&entry=ttu
Reviews: 28 reviews

Name: ""Sharshara"" choyxonasi
link: https://www.google.com/maps/search/%22Sharshara%22+choyxonasi/@40.7779403,72.30156800000002?authuser=0&hl=nl&entry=ttu
Reviews: 22 reviews

Name: ""Vodiy"" choyxonasi
link: https://www.google.com/maps/search/%22Vodiy%22+choyxonasi/@40.748230299999996,72.32546599999999?authuser=0&hl=nl&entry=ttu
Reviews: 21 reviews

Name: ""Andijon"" choyxonasi
link: https://www.google.com/maps/search/%22Andijon%22+choyxonasi/@40.782820199999996,72.37744889999999?authuser=0&hl=nl&entry=ttu
Reviews: 1 reviews",,"""Rizq"" choyxonasi (eigenaar)",,https://lh5.googleusercontent.com/p/AF1QipPzENK-45zVtzpaiTUPJcKK9ddKNX7MaKSAMAJR=w408-h306-k-no,Theehuis,Theehuis,4.5,10:00-23:00,Open All Days,+998 95 200 67 66,"Q8M5+FFH ""Rizq"" choyxonasi, Uzbekistanskiy Prospekt, Andijon, Oezbekistan",,https://www.google.com/maps/place/%22Rizq%22+choyxonasi/data=!4m7!3m6!1s0x38bc9582ae6c8b71:0xd9e2b93ea87b17cf!8m2!3d40.7836773!4d72.3087218!16s%2Fg%2F11rcdg71hs!19sChIJcYtsroKVvDgRzxd7qD654tk?authuser=0&hl=nl&rclk=1
ChIJe3M6mLLtvDgReAaMRTQLrso,Arzon Oshkhona,,False,4,"Name: ""Movarounnahr"" Choyxonasi
link: https://www.google.com/maps/search/%22Movarounnahr%22+Choyxonasi/@40.753105399999995,72.35864699999999?authuser=0&hl=nl&entry=ttu
Reviews: 58 reviews

Name: Green Food cafe
link: https://www.google.com/maps/search/Green+Food+cafe/@40.7717722,72.3596079?authuser=0&hl=nl&entry=ttu
Reviews: 3 reviews

Name: Oshkhona
link: https://www.google.com/maps/search/Oshkhona/@40.7687457,72.3604116?authuser=0&hl=nl&entry=ttu
Reviews: 1 reviews

Name: Somsakhona
link: https://www.google.com/maps/search/Somsakhona/@40.771859,72.372529?authuser=0&hl=nl&entry=ttu
Reviews: 1 reviews

Name: OQ SAROY
link: https://www.google.com/maps/search/OQ+SAROY/@40.7591292,72.354669?authuser=0&hl=nl&entry=ttu
Reviews: 0 reviews",,Arzon Oshkhona (eigenaar),,,Cafe,Cafe,5,,Open All Days,,"Arzon Oshkhona, shakhar Amir Umarkhon 19-ui, Andijan, Oezbekistan",,https://www.google.com/maps/place/Arzon+Oshkhona/data=!4m7!3m6!1s0x38bcedb2983a737b:0xcaae0b34458c0678!8m2!3d40.7639579!4d72.3589122!16s%2Fg%2F11sf6sl6nc!19sChIJe3M6mLLtvDgReAaMRTQLrso?authuser=0&hl=nl&rclk=1
ChIJpxHWOrCVvDgR-SwZUlmLqK4,Muslim cafe,,False,3,"Name: Mr.Arabic
link: https://www.google.com/maps/search/Mr.Arabic/@40.7485591,72.3459227?authuser=0&hl=nl&entry=ttu
Reviews: 16 reviews

Name: KAFE UZ DIYOR
link: https://www.google.com/maps/search/KAFE+UZ+DIYOR/@40.7968183,72.3328817?authuser=0&hl=nl&entry=ttu
Reviews: 14 reviews

Name: ""Muslima shirinliklari"" Milliy va uyg'ur taomlari
link: https://www.google.com/maps/search/%22Muslima+shirinliklari%22+Milliy+va+uyg%27ur+taomlari/@40.7518926,72.33384459999999?authuser=0&hl=nl&entry=ttu
Reviews: 12 reviews

Name: Mega_andijan
link: https://www.google.com/maps/search/Mega_andijan/@40.788866299999995,72.3319606?authuser=0&hl=nl&entry=ttu
Reviews: 3 reviews",,Muslim cafe (eigenaar),,,Koffiebar,Koffiebar,5,,Open All Days,,"Q8M6+CM6 Muslim cafe, Uzbekistanskiy Prospekt, Andijon, Oezbekistan",,https://www.google.com/maps/place/Muslim+cafe/data=!4m7!3m6!1s0x38bc95b03ad611a7:0xaea88b5952192cf9!8m2!3d40.7835407!4d72.3116426!16s%2Fg%2F11nxs9w50_!19sChIJpxHWOrCVvDgR-SwZUlmLqK4?authuser=0&hl=nl&rclk=1
ChIJNwjajIrtvDgRoZYkIxN4vwU,Begzod Kafe,,False,3,"Name: Kafe Yalla
link: https://www.google.com/maps/search/Kafe+Yalla/@40.78285950000001,72.3463673?authuser=0&hl=nl&entry=ttu
Reviews: 88 reviews

Name: Online Burger
link: https://www.google.com/maps/search/Online+Burger/@40.7835937,72.33131019999999?authuser=0&hl=nl&entry=ttu
Reviews: 6 reviews

Name: Milkone coffee
link: https://www.google.com/maps/search/Milkone+coffee/@40.7508701,72.3372241?authuser=0&hl=nl&entry=ttu
Reviews: 4 reviews

Name: Kafe
link: https://www.google.com/maps/search/Kafe/@40.7878286,72.3441514?authuser=0&hl=nl&entry=ttu
Reviews: 2 reviews

Name: Fayz
link: https://www.google.com/maps/search/Fayz/@40.7835694,72.2818486?authuser=0&hl=nl&entry=ttu
Reviews: 1 reviews",,Begzod Kafe (eigenaar),,,Koffiebar,Koffiebar,5,,Open All Days,,"Q9M4+86P Begzod Kafe, Andijan, Oezbekistan",,https://www.google.com/maps/place/Begzod+Kafe/data=!4m7!3m6!1s0x38bced8a8cda0837:0x5bf7813232496a1!8m2!3d40.7833381!4d72.3555929!16s%2Fg%2F11sx3sg46_!19sChIJNwjajIrtvDgRoZYkIxN4vwU?authuser=0&hl=nl&rclk=1
ChIJb-Y0X1_rvDgRsCckwTCVGh4,Melodium,,False,3,"Name: FRANS BURGER cafesi
link: https://www.google.com/maps/search/FRANS+BURGER+cafesi/@40.7551297,72.35660179999999?authuser=0&hl=nl&entry=ttu
Reviews: 47 reviews

Name: Cafe Magnit
link: https://www.google.com/maps/search/Cafe+Magnit/@40.7547305,72.3569857?authuser=0&hl=nl&entry=ttu
Reviews: 29 reviews

Name: Do'lma O'zbek milliy taomlari
link: https://www.google.com/maps/search/Do%E2%80%98lma+O%E2%80%98zbek+milliy+taomlari/@40.8193133,72.328808?authuser=0&hl=nl&entry=ttu
Reviews: 27 reviews

Name: Melodium Semawko Filial
link: https://www.google.com/maps/search/Melodium+Semawko+Filial/@40.7500535,72.3700827?authuser=0&hl=nl&entry=ttu
Reviews: 1 reviews

Name: MILLII TAOMLAR
link: https://www.google.com/maps/search/%D0%9C%D0%98%D0%9B%D0%9B%D0%98%D0%99+%D0%A2%D0%90%D0%9E%D0%9C%D0%9B%D0%90%D0%A0/@40.783101,72.3427597?authuser=0&hl=nl&entry=ttu
Reviews: 1 reviews",,Melodium (eigenaar),,,Cafe,Cafe,4.3,09:00-23:00,Open All Days,+998 95 201 60 00,"Q8PX+JXV Melodium, Andijan, Oezbekistan",,https://www.google.com/maps/place/Melodium/data=!4m7!3m6!1s0x38bceb5f5f34e66f:0x1e1a9530c12427b0!8m2!3d40.7866217!4d72.3499338!16s%2Fg%2F11fz9k3829!19sChIJb-Y0X1_rvDgRsCckwTCVGh4?authuser=0&hl=nl&rclk=1
ChIJYRN6cHztvDgR9cM6bciiWaM,Green Food cafe,,False,3,"Name: Ajva
link: https://www.google.com/maps/search/Ajva/@40.7997708,72.3450984?authuser=0&hl=nl&entry=ttu
Reviews: 8 reviews

Name: kafe HUMOYUN Bog'ishamol, Bog'i Bobur, Andijan 171405
link: https://www.google.com/maps/search/kafe+HUMOYUN+Bog%27ishamol%2C+Bog%27i+Bobur%2C+Andijan+171405/@40.722315599999995,72.4395072?authuser=0&hl=nl&entry=ttu
Reviews: 7 reviews

Name: Arzon Oshkhona
link: https://www.google.com/maps/search/Arzon+Oshkhona/@40.7639579,72.35891219999999?authuser=0&hl=nl&entry=ttu
Reviews: 4 reviews

Name: Ekmak
link: https://www.google.com/maps/search/Ekmak/@40.7496468,72.3459876?authuser=0&hl=nl&entry=ttu
Reviews: 1 reviews

Name: VILKA FOOD
link: https://www.google.com/maps/search/VILKA+FOOD/@40.8039978,72.34011?authuser=0&hl=nl&entry=ttu
Reviews: 1 reviews",,Green Food cafe (eigenaar),,https://lh5.googleusercontent.com/p/AF1QipNsYRsEcAbwJtWYLjho8sdxmXbVCxM_00VHfWFO=w520-h240-k-no,Cafe,Cafe,5,,Open All Days,+998 90 624 64 62,"Q9C5+MRQ Green Food cafe, A. Navai, Andijan, Oezbekistan",,https://www.google.com/maps/place/Green+Food+cafe/data=!4m7!3m6!1s0x38bced7c707a1361:0xa359a2c86d3ac3f5!8m2!3d40.7717722!4d72.3596079!16s%2Fg%2F11qbd01gt6!19sChIJYRN6cHztvDgR9cM6bciiWaM?authuser=0&hl=nl&rclk=1
ChIJiSjLa-HtvDgRmvQ6mnEb7y8,Jalabek,,False,3,"Name: ""Vatan"" choyxonasi
link: https://www.google.com/maps/search/%22Vatan%22+choyxonasi/@40.7529195,72.3379264?authuser=0&hl=nl&entry=ttu
Reviews: 49 reviews

Name: Cafe Magnit
link: https://www.google.com/maps/search/Cafe+Magnit/@40.7547305,72.3569857?authuser=0&hl=nl&entry=ttu
Reviews: 29 reviews

Name: Mega_andijan
link: https://www.google.com/maps/search/Mega_andijan/@40.788866299999995,72.3319606?authuser=0&hl=nl&entry=ttu
Reviews: 3 reviews

Name: ""Fayz"" choyxonasi
link: https://www.google.com/maps/search/%22Fayz%22+choyxonasi/@40.750478199999996,72.3265808?authuser=0&hl=nl&entry=ttu
Reviews: 1 reviews

Name: Coffee by nimir
link: https://www.google.com/maps/search/Coffee+by+nimir/@40.7497484,72.3489585?authuser=0&hl=nl&entry=ttu
Reviews: 1 reviews",,Jalabek (eigenaar),,https://lh5.googleusercontent.com/p/AF1QipPvP4EOGnEcZKqQ3nFsdwlJoDh2UPRvFIUVy8Ds=w408-h306-k-no,Koffiebar,Koffiebar,5,09:00-02:00,Open All Days,+998 97 999 09 90,"Q85M+X8 Jalabek, Andijon, Oezbekistan",,https://www.google.com/maps/place/Jalabek/data=!4m7!3m6!1s0x38bcede16bcb2889:0x2fef1b719a3af49a!8m2!3d40.7601862!4d72.3345037!16s%2Fg%2F11jzd9js2h!19sChIJiSjLa-HtvDgRmvQ6mnEb7y8?authuser=0&hl=nl&rclk=1
ChIJ2y5zMU3tvDgRv0hByJWVrRo,Maza somsa,,False,3,"Name: Safia
link: https://www.google.com/maps/search/Safia/@40.7522622,72.3636033?authuser=0&hl=nl&entry=ttu
Reviews: 34 reviews

Name: Olmazor somsa
link: https://www.google.com/maps/search/Olmazor+somsa/@40.7771147,72.31773460000001?authuser=0&hl=nl&entry=ttu
Reviews: 6 reviews

Name: Toshkent Somsa
link: https://www.google.com/maps/search/Toshkent+Somsa/@40.746350899999996,72.3604733?authuser=0&hl=nl&entry=ttu
Reviews: 5 reviews

Name: Mazza
link: https://www.google.com/maps/search/Mazza/@40.7836427,72.3462749?authuser=0&hl=nl&entry=ttu
Reviews: 1 reviews

Name: La somsa Andijan
link: https://www.google.com/maps/search/La+somsa+Andijan/@40.7440508,72.3480155?authuser=0&hl=nl&entry=ttu
Reviews: 0 reviews",,Maza somsa (eigenaar),,https://lh5.googleusercontent.com/p/AF1QipP2EOcO03jcJJMxVt5X0Z6Sp-uVyprb25JiEUIy=w408-h306-k-no,Koffiebar,Koffiebar,5,09:00-22:00,Open All Days,,"Maza somsa, 13b Ulitsa Lermontova, Andijan, Oezbekistan",,https://www.google.com/maps/place/Maza+%D1%81%D0%BE%D0%BC%D1%81%D0%B0/data=!4m7!3m6!1s0x38bced4d31732edb:0x1aad9595c84148bf!8m2!3d40.7516176!4d72.3459055!16s%2Fg%2F11s71t141b!19sChIJ2y5zMU3tvDgRv0hByJWVrRo?authuser=0&hl=nl&rclk=1
ChIJtc4NpFDtvDgR9jasOFPAK0g,Kafe Nonburger,,False,3,"Name: CAFE FRIENDS
link: https://www.google.com/maps/search/CAFE+FRIENDS/@40.7602054,72.33437889999999?authuser=0&hl=nl&entry=ttu
Reviews: 14 reviews

Name: ""GRAND BURGER""
link: https://www.google.com/maps/search/%22GRAND+BURGER%22/@40.7549688,72.35646129999999?authuser=0&hl=nl&entry=ttu
Reviews: 9 reviews

Name: Movarounnahr kafe
link: https://www.google.com/maps/search/Movarounnahr+kafe/@40.7858361,72.3324482?authuser=0&hl=nl&entry=ttu
Reviews: 8 reviews

Name: Non Kabob
link: https://www.google.com/maps/search/Non+Kabob/@40.782726,72.3325067?authuser=0&hl=nl&entry=ttu
Reviews: 4 reviews

Name: Ali Burger
link: https://www.google.com/maps/search/Ali+Burger/@40.8023984,72.3322637?authuser=0&hl=nl&entry=ttu
Reviews: 4 reviews",,Kafe Nonburger (eigenaar),,,Cafe,Cafe,4,,Open All Days,,"Q8MM+63M Kafe Nonburger, Andijan, Oezbekistan",,https://www.google.com/maps/place/%D0%9A%D0%B0%D1%84%D0%B5+Nonburger/data=!4m7!3m6!1s0x38bced50a40dceb5:0x482bc05338ac36f6!8m2!3d40.783094!4d72.3326874!16s%2Fg%2F11qf_rprnf!19sChIJtc4NpFDtvDgR9jasOFPAK0g?authuser=0&hl=nl&rclk=1
ChIJe3M7V6TtvDgR4y8eucKVqsY,Akzar cafe,,False,3,"Name: Kafe "" YULDUZ ""
link: https://www.google.com/maps/search/Kafe+%22+YULDUZ+%22/@40.7521906,72.3397702?authuser=0&hl=nl&entry=ttu
Reviews: 42 reviews

Name: Lazeez
link: https://www.google.com/maps/search/Lazeez/@40.7624083,72.360789?authuser=0&hl=nl&entry=ttu
Reviews: 36 reviews

Name: ASR Andijon
link: https://www.google.com/maps/search/ASR+Andijon/@40.7493832,72.3447474?authuser=0&hl=nl&entry=ttu
Reviews: 24 reviews

Name: Al Baroka cafe & restaurant
link: https://www.google.com/maps/search/Al+Baroka+cafe+%26+restaurant/@40.7270392,72.37562369999999?authuser=0&hl=nl&entry=ttu
Reviews: 23 reviews

Name: ASILBEK SHASHLIKLARI 2
link: https://www.google.com/maps/search/ASILBEK+SHASHLIKLARI+2/@40.7183821,72.3747291?authuser=0&hl=nl&entry=ttu
Reviews: 4 reviews",,Akzar cafe (eigenaar),,https://lh5.googleusercontent.com/p/AF1QipP5Up3qzBRXKi3edxvpdmwHdcqFsra3fThDDkyB=w506-h240-k-no,Cafe,"Cafe, Bar",3.7,11:00-02:00,zondag,+998 93 419 69 62,"Akzar cafe, Ul.E.Ashurov 5, 170126, Oezbekistan",,https://www.google.com/maps/place/Akzar+cafe/data=!4m7!3m6!1s0x38bceda4573b737b:0xc6aa95c2b91e2fe3!8m2!3d40.7585569!4d72.3630124!16s%2Fg%2F11t4y0g5t8!19sChIJe3M7V6TtvDgR4y8eucKVqsY?authuser=0&hl=nl&rclk=1
ChIJdwQQS9HtvDgREbvPZElZwUs,DO'STLIK CHOYHONASI,,False,3,"Name: ""Vodiy"" choyxonasi
link: https://www.google.com/maps/search/%22Vodiy%22+choyxonasi/@40.748230299999996,72.32546599999999?authuser=0&hl=nl&entry=ttu
Reviews: 21 reviews

Name: ""Shodlik"" choyxonasi
link: https://www.google.com/maps/search/%22Shodlik%22+choyxonasi/@40.7688895,72.3871317?authuser=0&hl=nl&entry=ttu
Reviews: 7 reviews

Name: ""Qoraqul Ota Choyxonasi""
link: https://www.google.com/maps/search/%22Qoraqul+Ota+Choyxonasi%22/@40.840807000000005,72.32394599999999?authuser=0&hl=nl&entry=ttu
Reviews: 1 reviews

Name: Shodlik choyxona
link: https://www.google.com/maps/search/Shodlik+choyxona/@40.8153561,72.28375?authuser=0&hl=nl&entry=ttu
Reviews: 0 reviews",,DO'STLIK CHOYHONASI (eigenaar),,,Theehuis,Theehuis,4.7,10:00-23:00,Open All Days,,"Q84Q+97P DO'STLIK CHOYHONASI, Andijon, Oezbekistan",,https://www.google.com/maps/place/DO%27STLIK+CHOYHONASI/data=!4m7!3m6!1s0x38bcedd14b100477:0x4bc1594964cfbb11!8m2!3d40.7559515!4d72.3381877!16s%2Fg%2F11rkdpdpnt!19sChIJdwQQS9HtvDgREbvPZElZwUs?authuser=0&hl=nl&rclk=1
ChIJ-xKmx4jrvDgRsk8KfXo7JT8,Dilorom Choyxonasi,,False,3,"Name: Honzodabegim tuyhona
link: https://www.google.com/maps/search/Honzodabegim+tuyhona/@40.805243999999995,72.3438824?authuser=0&hl=nl&entry=ttu
Reviews: 13 reviews

Name: ""Shodlik"" choyxonasi
link: https://www.google.com/maps/search/%22Shodlik%22+choyxonasi/@40.7688895,72.3871317?authuser=0&hl=nl&entry=ttu
Reviews: 7 reviews

Name: OMAD CHOYXONASI
link: https://www.google.com/maps/search/OMAD+CHOYXONASI/@40.7585598,72.33606879999999?authuser=0&hl=nl&entry=ttu
Reviews: 6 reviews

Name: Qobiljon ota Milliy taomlar
link: https://www.google.com/maps/search/Qobiljon+ota+Milliy+taomlar/@40.810177200000005,72.34698329999999?authuser=0&hl=nl&entry=ttu
Reviews: 1 reviews",,Dilorom Choyxonasi (eigenaar),,https://lh5.googleusercontent.com/p/AF1QipMcKvS1fokBJa3Y5nBWOk8pN2DCV4nrESaF0wcO=w408-h305-k-no,Theehuis,Theehuis,5,10:00-23:00,Open All Days,,"R952+WG Dilorom Choyxonasi, Andijan, Oezbekistan",,https://www.google.com/maps/place/Dilorom+Choyxonasi/data=!4m7!3m6!1s0x38bceb88c7a612fb:0x3f253b7a7d0a4fb2!8m2!3d40.8098363!4d72.3514316!16s%2Fg%2F11rk58yt7c!19sChIJ-xKmx4jrvDgRsk8KfXo7JT8?authuser=0&hl=nl&rclk=1
ChIJxYQPUxjrvDgRjZsBJrNRgRM,Kafe,,False,2,"Name: Kafe Yalla
link: https://www.google.com/maps/search/Kafe+Yalla/@40.78285950000001,72.3463673?authuser=0&hl=nl&entry=ttu
Reviews: 88 reviews

Name: UZ KAFE
link: https://www.google.com/maps/search/UZ+KAFE/@40.7852933,72.3467309?authuser=0&hl=nl&entry=ttu
Reviews: 14 reviews

Name: CAFE FRIENDS
link: https://www.google.com/maps/search/CAFE+FRIENDS/@40.7602054,72.33437889999999?authuser=0&hl=nl&entry=ttu
Reviews: 14 reviews

Name: Xadicha kafe
link: https://www.google.com/maps/search/Xadicha+kafe/@40.787138899999995,72.3510898?authuser=0&hl=nl&entry=ttu
Reviews: 3 reviews

Name: Behzod kafesi
link: https://www.google.com/maps/search/Behzod+kafesi/@40.7837755,72.3463326?authuser=0&hl=nl&entry=ttu
Reviews: 0 reviews",,Kafe (eigenaar),,,Cafe,Cafe,5,,Open All Days,,"Q8QV+4MJ Kafe, Unnamed Road, Andijan, Oezbekistan",,https://www.google.com/maps/place/Kafe/data=!4m7!3m6!1s0x38bceb18530f84c5:0x138151b326019b8d!8m2!3d40.7878286!4d72.3441514!16s%2Fg%2F11q8vtxjcl!19sChIJxYQPUxjrvDgRjZsBJrNRgRM?authuser=0&hl=nl&rclk=1
ChIJFSX_WjvrvDgRJJz0kO-yRQc,"""Zaytun"" choyxonasi",,False,2,"Name: ""Vatan"" choyxonasi
link: https://www.google.com/maps/search/%22Vatan%22+choyxonasi/@40.7529195,72.3379264?authuser=0&hl=nl&entry=ttu
Reviews: 49 reviews

Name: ""Andijon City"" choyxona
link: https://www.google.com/maps/search/%22Andijon+City%22+choyxona/@40.7617067,72.3610982?authuser=0&hl=nl&entry=ttu
Reviews: 33 reviews

Name: ""Anvarota"" choyxonasi
link: https://www.google.com/maps/search/%22Anvarota%22+choyxonasi/@40.789424600000004,72.3445405?authuser=0&hl=nl&entry=ttu
Reviews: 28 reviews

Name: ""Shodlik"" choyxonasi
link: https://www.google.com/maps/search/%22Shodlik%22+choyxonasi/@40.7688895,72.3871317?authuser=0&hl=nl&entry=ttu
Reviews: 7 reviews

Name: ""Andijon"" choyxonasi
link: https://www.google.com/maps/search/%22Andijon%22+choyxonasi/@40.782820199999996,72.37744889999999?authuser=0&hl=nl&entry=ttu
Reviews: 1 reviews",,"""Zaytun"" choyxonasi (eigenaar)",,,Theehuis,Theehuis,5,10:00-23:00,Open All Days,+998 95 202 91 91,"Q8PR+P3V ""Zaytun"" choyxonasi, Andijan, Oezbekistan",,https://www.google.com/maps/place/%22Zaytun%22+choyxonasi/data=!4m7!3m6!1s0x38bceb3b5aff2515:0x745b2ef90f49c24!8m2!3d40.7868637!4d72.3401729!16s%2Fg%2F11k50wtcnh!19sChIJFSX_WjvrvDgRJJz0kO-yRQc?authuser=0&hl=nl&rclk=1
ChIJW7FCZ7mVvDgRXfei-_UK4c4,Moida,,False,1,"Name: Mega_andijan
link: https://www.google.com/maps/search/Mega_andijan/@40.788866299999995,72.3319606?authuser=0&hl=nl&entry=ttu
Reviews: 3 reviews

Name: Coffee by nimir
link: https://www.google.com/maps/search/Coffee+by+nimir/@40.7497484,72.3489585?authuser=0&hl=nl&entry=ttu
Reviews: 1 reviews

Name: Dori
link: https://www.google.com/maps/search/Dori/@40.8153561,72.28375?authuser=0&hl=nl&entry=ttu
Reviews: 0 reviews

Name: Limon
link: https://www.google.com/maps/search/Limon/@40.8153561,72.28375?authuser=0&hl=nl&entry=ttu
Reviews: 0 reviews

Name: Ishhona
link: https://www.google.com/maps/search/Ishhona/@40.8153561,72.28375?authuser=0&hl=nl&entry=ttu
Reviews: 0 reviews",,Moida (eigenaar),,,Koffiebar,Koffiebar,5,,Open All Days,,"R78M+4FX Moida, Andijan, Oezbekistan",,https://www.google.com/maps/place/Moida/data=!4m7!3m6!1s0x38bc95b96742b15b:0xcee10af5fba2f75d!8m2!3d40.8153561!4d72.28375!16s%2Fg%2F11scjklky3!19sChIJW7FCZ7mVvDgRXfei-_UK4c4?authuser=0&hl=nl&rclk=1
ChIJjyR-0vjtvDgRmDl-9Au7Dko,Coffee by nimir,,False,1,"Name: Cafe Iris
link: https://www.google.com/maps/search/Cafe+Iris/@40.7555305,72.3563343?authuser=0&hl=nl&entry=ttu
Reviews: 103 reviews

Name: Internet Cafe MUMTOZ No. 2
link: https://www.google.com/maps/search/Internet+Cafe+MUMTOZ+%E2%84%962/@40.7568978,72.3553538?authuser=0&hl=nl&entry=ttu
Reviews: 7 reviews

Name: Milkone coffee
link: https://www.google.com/maps/search/Milkone+coffee/@40.7508701,72.3372241?authuser=0&hl=nl&entry=ttu
Reviews: 4 reviews

Name: Jalabek
link: https://www.google.com/maps/search/Jalabek/@40.7601862,72.3345037?authuser=0&hl=nl&entry=ttu
Reviews: 3 reviews

Name: Mega_andijan
link: https://www.google.com/maps/search/Mega_andijan/@40.788866299999995,72.3319606?authuser=0&hl=nl&entry=ttu
Reviews: 3 reviews",,Coffee by nimir (eigenaar),,https://lh5.googleusercontent.com/p/AF1QipPOLnmdwfLAQCOOm1c1k2YkSqjgpq_PeWAqCLa1=w426-h240-k-no,Koffiebar,Koffiebar,5,07:00-00:00,Open All Days,,"P8XX+VHW Coffee by nimir, Andijan, Oezbekistan",,https://www.google.com/maps/place/Coffee+by+nimir/data=!4m7!3m6!1s0x38bcedf8d27e248f:0x4a0ebb0bf47e3998!8m2!3d40.7497484!4d72.3489585!16s%2Fg%2F11s6b4k6n1!19sChIJjyR-0vjtvDgRmDl-9Au7Dko?authuser=0&hl=nl&rclk=1
ChIJs9UY4x_rvDgRfWHBNMQQgh0,Mega andijon,,False,1,"Name: Milkone coffee
link: https://www.google.com/maps/search/Milkone+coffee/@40.7508701,72.3372241?authuser=0&hl=nl&entry=ttu
Reviews: 4 reviews

Name: Mega_andijan
link: https://www.google.com/maps/search/Mega_andijan/@40.788866299999995,72.3319606?authuser=0&hl=nl&entry=ttu
Reviews: 3 reviews

Name: Jalabek
link: https://www.google.com/maps/search/Jalabek/@40.7601862,72.3345037?authuser=0&hl=nl&entry=ttu
Reviews: 3 reviews

Name: Mega ice cream
link: https://www.google.com/maps/search/Mega+ice+cream/@40.7514229,72.3440035?authuser=0&hl=nl&entry=ttu
Reviews: 2 reviews

Name: Mega Market
link: https://www.google.com/maps/search/Mega+Market/@40.715477799999995,72.37655339999999?authuser=0&hl=nl&entry=ttu
Reviews: 2 reviews",,Mega andijon (eigenaar),,,Koffiebar,Koffiebar,5,,Open All Days,,"Mega andijon, bobur kucha, Andijon, Oezbekistan",,https://www.google.com/maps/place/Mega+andijon/data=!4m7!3m6!1s0x38bceb1fe318d5b3:0x1d8210c434c1617d!8m2!3d40.8025768!4d72.3325497!16s%2Fg%2F11tsqw0yxf!19sChIJs9UY4x_rvDgRfWHBNMQQgh0?authuser=0&hl=nl&rclk=1
ChIJU8tYyEztvDgRoS_h9J1-lFI,Atakburger,,False,1,"Name: Ekmak cafe
link: https://www.google.com/maps/search/Ekmak+cafe/@40.7592121,72.36935530000001?authuser=0&hl=nl&entry=ttu
Reviews: 8 reviews

Name: Online Burger
link: https://www.google.com/maps/search/Online+Burger/@40.7835937,72.33131019999999?authuser=0&hl=nl&entry=ttu
Reviews: 6 reviews

Name: Jalabek
link: https://www.google.com/maps/search/Jalabek/@40.7601862,72.3345037?authuser=0&hl=nl&entry=ttu
Reviews: 3 reviews

Name: Big bus burger A. X.
link: https://www.google.com/maps/search/Big+bus+burger+A.+X./@40.7818484,72.33242469999999?authuser=0&hl=nl&entry=ttu
Reviews: 1 reviews

Name: Bread Burger
link: https://www.google.com/maps/search/Bread+Burger/@40.7938082,72.33261379999999?authuser=0&hl=nl&entry=ttu
Reviews: 1 reviews",,Atakburger (eigenaar),,https://lh5.googleusercontent.com/p/AF1QipMAQGDmmjifJkn9UTa7NYzMDYjIvwi5XXuAd-qD=w408-h725-k-no,Koffiebar,Koffiebar,5,24 uur geopend,Open All Days,+998 93 783 90 06,"P8VQ+QXF Atakburger, Andijon, Oezbekistan",,https://www.google.com/maps/place/Atakburger/data=!4m7!3m6!1s0x38bced4cc858cb53:0x52947e9df4e12fa1!8m2!3d40.7444454!4d72.3399095!16s%2Fg%2F11q2xjt9db!19sChIJU8tYyEztvDgRoS_h9J1-lFI?authuser=0&hl=nl&rclk=1
ChIJe39IcNiVvDgRFX8JkM_AYRU,CHEEF FOOD,,False,1,,,CHEEF FOOD (eigenaar),,,Koffiebar,Koffiebar,5,,Open All Days,,"R86F+J7J CHEEF FOOD, Andijan, Oezbekistan",,https://www.google.com/maps/place/CHEEF+FOOD/data=!4m7!3m6!1s0x38bc95d870487f7b:0x1561c0cf90097f15!8m2!3d40.8116074!4d72.3229823!16s%2Fg%2F11vjh464zx!19sChIJe39IcNiVvDgRFX8JkM_AYRU?authuser=0&hl=nl&rclk=1
ChIJ8-AzLSbtvDgRrbXA23rkzuo,"""Andijon"" choyxonasi",,False,1,"Name: ""Vatan"" choyxonasi
link: https://www.google.com/maps/search/%22Vatan%22+choyxonasi/@40.7529195,72.3379264?authuser=0&hl=nl&entry=ttu
Reviews: 49 reviews

Name: ""Diior"" choyxonasi
link: https://www.google.com/maps/search/%22%D0%94%D0%B8%D1%91%D1%80%22+choyxonasi/@40.7662177,72.3561947?authuser=0&hl=nl&entry=ttu
Reviews: 40 reviews

Name: ""Andijon City"" choyxona
link: https://www.google.com/maps/search/%22Andijon+City%22+choyxona/@40.7617067,72.3610982?authuser=0&hl=nl&entry=ttu
Reviews: 33 reviews

Name: ""Anvarota"" choyxonasi
link: https://www.google.com/maps/search/%22Anvarota%22+choyxonasi/@40.789424600000004,72.3445405?authuser=0&hl=nl&entry=ttu
Reviews: 28 reviews

Name: ""Diydor"" choyxonasi
link: https://www.google.com/maps/search/%22Diydor%22+choyxonasi/@40.750132,72.32610970000002?authuser=0&hl=nl&entry=ttu
Reviews: 14 reviews",,"""Andijon"" choyxonasi (eigenaar)",,https://lh5.googleusercontent.com/p/AF1QipMyOKozKGYYdNlf012BVvganhZph3JWTtGZDq3X=w408-h544-k-no,Theehuis,Theehuis,5,10:00-23:00,Open All Days,,"Q9MG+4XG ""Andijon"" choyxonasi, Andijon, Oezbekistan",,https://www.google.com/maps/place/%22Andijon%22+choyxonasi/data=!4m7!3m6!1s0x38bced262d33e0f3:0xeacee47adbc0b5ad!8m2!3d40.7828202!4d72.3774489!16s%2Fg%2F11smj7sylj!19sChIJ8-AzLSbtvDgRrbXA23rkzuo?authuser=0&hl=nl&rclk=1
ChIJmS9Wf6btvDgRVOJUCTd1oTw,Dom Barmena,,False,1,"Name: Safia
link: https://www.google.com/maps/search/Safia/@40.7522622,72.3636033?authuser=0&hl=nl&entry=ttu
Reviews: 34 reviews

Name: Coffee Room
link: https://www.google.com/maps/search/Coffee+Room/@40.744054299999995,72.34568349999999?authuser=0&hl=nl&entry=ttu
Reviews: 25 reviews

Name: DUNYO Cafe
link: https://www.google.com/maps/search/DUNYO+Cafe/@40.8153561,72.2837501?authuser=0&hl=nl&entry=ttu
Reviews: 4 reviews

Name: Maza somsa
link: https://www.google.com/maps/search/Maza+%D1%81%D0%BE%D0%BC%D1%81%D0%B0/@40.751617599999996,72.3459055?authuser=0&hl=nl&entry=ttu
Reviews: 3 reviews

Name: Kafe
link: https://www.google.com/maps/search/Kafe/@40.7878286,72.3441514?authuser=0&hl=nl&entry=ttu
Reviews: 2 reviews",,Dom Barmena (eigenaar),,https://lh5.googleusercontent.com/p/AF1QipND9hFDPc4bGbpzu9_5KCW3mzFxekPf8UAHJ8H-=w408-h544-k-no,Koffiebar,Koffiebar,5,,Open All Days,+998 99 438 98 27,"P9W4+V58 Dom Barmena, Andijan, Oezbekistan",,https://www.google.com/maps/place/Dom+Barmena/data=!4m7!3m6!1s0x38bceda67f562f99:0x3ca175370954e254!8m2!3d40.7471619!4d72.3554672!16s%2Fg%2F11rglnpffp!19sChIJmS9Wf6btvDgRVOJUCTd1oTw?authuser=0&hl=nl&rclk=1
ChIJ353R5qPtvDgRcHf6Zmb544k,Otabek oshxonasi,,False,1,,,Otabek oshxonasi (eigenaar),,https://lh5.googleusercontent.com/p/AF1QipMGeESK6LNVOFVIUboBJgdCpPmVsV4KDqYGuc8h=w408-h906-k-no,Koffiebar,Koffiebar,5,,Open All Days,,"Q966+FJ5 Otabek oshxonasi, Andijon, Oezbekistan",,https://www.google.com/maps/place/Otabek+oshxonasi/data=!4m7!3m6!1s0x38bceda3e6d19ddf:0x89e3f96666fa7770!8m2!3d40.7601967!4d72.3620939!16s%2Fg%2F11v6fm9wlg!19sChIJ353R5qPtvDgRcHf6Zmb544k?authuser=0&hl=nl&rclk=1
ChIJfzSYW73rvDgRzDkydoyPDVw,Bread Burger,,False,1,"Name: Cafe Iris
link: https://www.google.com/maps/search/Cafe+Iris/@40.7555305,72.3563343?authuser=0&hl=nl&entry=ttu
Reviews: 103 reviews

Name: Online Burger
link: https://www.google.com/maps/search/Online+Burger/@40.7835937,72.33131019999999?authuser=0&hl=nl&entry=ttu
Reviews: 6 reviews

Name: Gumbaz Burger
link: https://www.google.com/maps/search/Gumbaz+Burger/@40.8018663,72.33230549999999?authuser=0&hl=nl&entry=ttu
Reviews: 5 reviews

Name: Ali Burger
link: https://www.google.com/maps/search/Ali+Burger/@40.8023984,72.3322637?authuser=0&hl=nl&entry=ttu
Reviews: 4 reviews

Name: AliBurger
link: https://www.google.com/maps/search/AliBurger/@40.766641899999996,72.3066304?authuser=0&hl=nl&entry=ttu
Reviews: 2 reviews",,Bread Burger (eigenaar),,,Koffiebar,Koffiebar,5,10:00-23:00,Open All Days,+998 97 995 14 44,"Q8VM+G2H Bread Burger, Prospekt Babura, Andijan, Oezbekistan",,https://www.google.com/maps/place/Bread+Burger/data=!4m7!3m6!1s0x38bcebbd5b98347f:0x5c0d8f8c763239cc!8m2!3d40.7938082!4d72.3326138!16s%2Fg%2F11q251wjhl!19sChIJfzSYW73rvDgRzDkydoyPDVw?authuser=0&hl=nl&rclk=1
ChIJKyXzHneTvDgRifcryySUN9k,Tabiiy sharbat qiroli,,False,1,"Name: Appetit
link: https://www.google.com/maps/search/Appetit/@40.7480978,72.3631736?authuser=0&hl=nl&entry=ttu
Reviews: 4 reviews

Name: Sharbat
link: https://www.google.com/maps/search/Sharbat/@40.7469679,72.3613278?authuser=0&hl=nl&entry=ttu
Reviews: 3 reviews

Name: HILOLA BEKATI
link: https://www.google.com/maps/search/HILOLA+BEKATI/@40.7163714,72.3972442?authuser=0&hl=nl&entry=ttu
Reviews: 1 reviews

Name: Tabiiy Sharbat qiroli
link: https://www.google.com/maps/search/Tabiiy+Sharbat+qiroli/@40.8153561,72.28375?authuser=0&hl=nl&entry=ttu
Reviews: 0 reviews",,Tabiiy sharbat qiroli (eigenaar),,,Koffiebar,Koffiebar,5,,Open All Days,,"Q8JJ+W66 Tabiiy sharbat qiroli, Andijan, Oezbekistan",,https://www.google.com/maps/place/Tabiiy+sharbat+qiroli/data=!4m7!3m6!1s0x38bc93771ef3252b:0xd9379424cb2bf789!8m2!3d40.7822801!4d72.3305193!16s%2Fg%2F11scqvdxgh!19sChIJKyXzHneTvDgRifcryySUN9k?authuser=0&hl=nl&rclk=1
ChIJWYqokN2VvDgR70AlYTU0e28,"""Qoraqul Ota Choyxonasi""",,False,1,"Name: Qiyma
link: https://www.google.com/maps/search/Qiyma/@40.7629983,72.3091106?authuser=0&hl=nl&entry=ttu
Reviews: 4 reviews

Name: DO'STLIK CHOYHONASI
link: https://www.google.com/maps/search/DO%27STLIK+CHOYHONASI/@40.755951499999995,72.33818769999999?authuser=0&hl=nl&entry=ttu
Reviews: 3 reviews

Name: Xadicha kafe
link: https://www.google.com/maps/search/Xadicha+kafe/@40.787138899999995,72.3510898?authuser=0&hl=nl&entry=ttu
Reviews: 3 reviews

Name: ""Uzbek"" choyxonasi
link: https://www.google.com/maps/search/%22Uzbek%22+choyxonasi/@40.8233696,72.3284311?authuser=0&hl=nl&entry=ttu
Reviews: 1 reviews

Name: Anhor choyhona
link: https://www.google.com/maps/search/Anhor+choyhona/@40.853488399999996,72.3209723?authuser=0&hl=nl&entry=ttu
Reviews: 0 reviews",,"""Qoraqul Ota Choyxonasi"" (eigenaar)",https://www.google.com/maps/contrib/111370069640940488375,,Theehuis,Theehuis,3,09:00-23:00,Open All Days,+998 93 967 08 10,"""Qoraqul Ota Choyxonasi"", Andijan 710070, Oezbekistan",,https://www.google.com/maps/place/%22Qoraqul+Ota+Choyxonasi%22/data=!4m7!3m6!1s0x38bc95dd90a88a59:0x6f7b3435612540ef!8m2!3d40.840807!4d72.323946!16s%2Fg%2F11rkc_r4bb!19sChIJWYqokN2VvDgR70AlYTU0e28?authuser=0&hl=nl&rclk=1
ChIJBcpnJn3rvDgRPjN0VSakb20,EVOS TTs Uzbegim,,False,1,,,EVOS TTs Uzbegim (eigenaar),https://www.google.com/maps/contrib/105035861853907642822,https://lh5.googleusercontent.com/p/AF1QipMMD2n6FLpdqjoAtWsZX0v5SgjIvg6spvm0-GRF=w408-h408-k-no,Cafe,Cafe,5,09:00-23:00,Open All Days,+998 71 203 12 12,"EVOS TTs Uzbegim, 31 ul. Obod, Andijan, Oezbekistan",,https://www.google.com/maps/place/EVOS+%D0%A2%D0%A6+%D0%A3%D0%B7%D0%B1%D0%B5%D0%B3%D0%B8%D0%BC/data=!4m7!3m6!1s0x38bceb7d2667ca05:0x6d6fa4265574333e!8m2!3d40.7865209!4d72.3487132!16s%2Fg%2F11vd75ly04!19sChIJBcpnJn3rvDgRPjN0VSakb20?authuser=0&hl=nl&rclk=1
ChIJU2UUgVmVvDgRKZGn_QGm9sE,OSIYO BURGER,,False,1,,,OSIYO BURGER (eigenaar),,https://lh5.googleusercontent.com/p/AF1QipOYqiuwhwcMP78kMncdjPMOJ2VbW1QL7GoLwtp8=w408-h305-k-no,Cafe,Cafe,5,,Open All Days,,"R84F+PHX OSIYO BURGER, Andijon, Oezbekistan",,https://www.google.com/maps/place/OSIYO+BURGER/data=!4m7!3m6!1s0x38bc955981146553:0xc1f6a601fda79129!8m2!3d40.8068642!4d72.3239992!16s%2Fg%2F11l24ztv72!19sChIJU2UUgVmVvDgRKZGn_QGm9sE?authuser=0&hl=nl&rclk=1
ChIJrzXMJJPtvDgR8FtDts-c0ug,Zam zam cafe,,False,1,"Name: Fayz Juice
link: https://www.google.com/maps/search/Fayz+Juice/@40.7598201,72.3343723?authuser=0&hl=nl&entry=ttu
Reviews: 3 reviews

Name: Dunya tatlisi cafe
link: https://www.google.com/maps/search/D%C3%BCnya+tatl%C4%B1s%C4%B1+cafe/@40.7537046,72.3577231?authuser=0&hl=nl&entry=ttu
Reviews: 1 reviews

Name: Magnus
link: https://www.google.com/maps/search/Magnus/@40.760043599999996,72.3539041?authuser=0&hl=nl&entry=ttu
Reviews: 0 reviews

Name: Yasin
link: https://www.google.com/maps/search/Yasin/@40.7836329,72.34600619999999?authuser=0&hl=nl&entry=ttu
Reviews: 0 reviews",,Zam zam cafe (eigenaar),,https://lh5.googleusercontent.com/p/AF1QipNoJtClWosneuh-taB4OFPkixFaoiG8lV0ZkrIW=w408-h306-k-no,IJssalon,IJssalon,5,,Open All Days,,"Q943+VXQ Zam zam cafe, Andijan, Oezbekistan",,https://www.google.com/maps/place/Zam+zam+cafe/data=!4m7!3m6!1s0x38bced9324cc35af:0xe8d29ccfb6435bf0!8m2!3d40.7571971!4d72.3550425!16s%2Fg%2F11pd7bb07z!19sChIJrzXMJJPtvDgR8FtDts-c0ug?authuser=0&hl=nl&rclk=1
ChIJm5Pqz1DtvDgRQuVOBdxIH2k,Mustafo oshxona,,False,1,"Name: Islomobod choyxonasi
link: https://www.google.com/maps/search/Islomobod+choyxonasi/@40.755737599999996,72.3741495?authuser=0&hl=nl&entry=ttu
Reviews: 1 reviews

Name: Mustafo milliy taomlar
link: https://www.google.com/maps/search/Mustafo+milliy+taomlar/@40.7300164,72.3306216?authuser=0&hl=nl&entry=ttu
Reviews: 0 reviews

Name: Muhammad xoji Kafe
link: https://www.google.com/maps/search/Muhammad+xoji+Kafe/@40.7774767,72.3546044?authuser=0&hl=nl&entry=ttu
Reviews: 0 reviews

Name: Bir zumda Oshxonasi
link: https://www.google.com/maps/search/Bir+zumda+Oshxonasi/@40.721075,72.44158?authuser=0&hl=nl&entry=ttu
Reviews: 0 reviews

Name: Yoppasiga marhamat
link: https://www.google.com/maps/search/Yoppasiga+marhamat/@40.756334599999995,72.353668?authuser=0&hl=nl&entry=ttu
Reviews: 0 reviews",,Mustafo oshxona (eigenaar),,,Cafe,Cafe,5,,Open All Days,,"Mustafo oshxona, 36 ulitsa Mangulik, Andijan, Oezbekistan",,https://www.google.com/maps/place/Mustafo+oshxona/data=!4m7!3m6!1s0x38bced50cfea939b:0x691f48dc054ee542!8m2!3d40.7568817!4d72.3554905!16s%2Fg%2F11k52_tg3f!19sChIJm5Pqz1DtvDgRQuVOBdxIH2k?authuser=0&hl=nl&rclk=1
ChIJaTa7sdvtvDgRvhv3GdqvI4E,Kol'tsevaya,,False,,,,Kol'tsevaya (eigenaar),,,Koffiebar,Koffiebar,,,Open All Days,,"P9X6+365 Kol'tsevaya, Andijan, Oezbekistan",,https://www.google.com/maps/place/Kol%27tsevaya/data=!4m7!3m6!1s0x38bceddbb1bb3669:0x8123afda19f71bbe!8m2!3d40.7476301!4d72.3606224!16s%2Fg%2F11v68k50xk!19sChIJaTa7sdvtvDgRvhv3GdqvI4E?authuser=0&hl=nl&rclk=1
ChIJ8zLn7XGVvDgRMtx46qdtI_Q,RIO ANDIJAN,,False,,"Name: Mega_andijan
link: https://www.google.com/maps/search/Mega_andijan/@40.788866299999995,72.3319606?authuser=0&hl=nl&entry=ttu
Reviews: 3 reviews

Name: Ayronchi
link: https://www.google.com/maps/search/Ayronchi/@40.816313699999995,72.2901554?authuser=0&hl=nl&entry=ttu
Reviews: 3 reviews

Name: Rio_Andijan
link: https://www.google.com/maps/search/Rio_Andijan/@40.7473353,72.3465555?authuser=0&hl=nl&entry=ttu
Reviews: 1 reviews

Name: Moida
link: https://www.google.com/maps/search/Moida/@40.8153561,72.28375?authuser=0&hl=nl&entry=ttu
Reviews: 1 reviews

Name: Dori
link: https://www.google.com/maps/search/Dori/@40.8153561,72.28375?authuser=0&hl=nl&entry=ttu
Reviews: 0 reviews",,RIO ANDIJAN (eigenaar),,,Koffiebar,Koffiebar,,,Open All Days,,"R78M+4FX RIO ANDIJAN, Andijan, Oezbekistan",,https://www.google.com/maps/place/RIO+ANDIJAN/data=!4m7!3m6!1s0x38bc9571ede732f3:0xf4236da7ea78dc32!8m2!3d40.8153561!4d72.28375!16s%2Fg%2F11rrrmwrrk!19sChIJ8zLn7XGVvDgRMtx46qdtI_Q?authuser=0&hl=nl&rclk=1
ChIJBSNiqM7tvDgRC0QtqhHkyEY,express_foods_andijon,,False,,"Name: Milkone coffee
link: https://www.google.com/maps/search/Milkone+coffee/@40.7508701,72.3372241?authuser=0&hl=nl&entry=ttu
Reviews: 4 reviews

Name: Jalabek
link: https://www.google.com/maps/search/Jalabek/@40.7601862,72.3345037?authuser=0&hl=nl&entry=ttu
Reviews: 3 reviews

Name: Mega_andijan
link: https://www.google.com/maps/search/Mega_andijan/@40.788866299999995,72.3319606?authuser=0&hl=nl&entry=ttu
Reviews: 3 reviews

Name: Fayz Juice
link: https://www.google.com/maps/search/Fayz+Juice/@40.7598201,72.3343723?authuser=0&hl=nl&entry=ttu
Reviews: 3 reviews

Name: Atakburger
link: https://www.google.com/maps/search/Atakburger/@40.7444454,72.33990949999999?authuser=0&hl=nl&entry=ttu
Reviews: 1 reviews",,express_foods_andijon (eigenaar),,,Koffiebar,Koffiebar,,,Open All Days,,"Q84V+R98 express_foods_andijon, Andijan, Oezbekistan",,https://www.google.com/maps/place/express_foods_andijon/data=!4m7!3m6!1s0x38bcedcea8622305:0x46c8e411aa2d440b!8m2!3d40.7567713!4d72.3436504!16s%2Fg%2F11k9rx0lvd!19sChIJBSNiqM7tvDgRC0QtqhHkyEY?authuser=0&hl=nl&rclk=1
ChIJFSGm6JDtvDgRqG9uz9ww8bs,dubai food,,False,,,,dubai food (eigenaar),,,Koffiebar,Koffiebar,,,Open All Days,,"Q997+MRG dubai food, Andijon, Oezbekistan",,https://www.google.com/maps/place/dubai+food/data=!4m7!3m6!1s0x38bced90e8a62115:0xbbf130dccf6e6fa8!8m2!3d40.7691963!4d72.3645808!16s%2Fg%2F11svg2kcmf!19sChIJFSGm6JDtvDgRqG9uz9ww8bs?authuser=0&hl=nl&rclk=1
ChIJBbiemMOVvDgRmZUzRwqqQeM,Asilbek kafe,,False,,"Name: Kafe Yalla
link: https://www.google.com/maps/search/Kafe+Yalla/@40.78285950000001,72.3463673?authuser=0&hl=nl&entry=ttu
Reviews: 88 reviews

Name: ASR Andijon
link: https://www.google.com/maps/search/ASR+Andijon/@40.7493832,72.3447474?authuser=0&hl=nl&entry=ttu
Reviews: 24 reviews

Name: Kafe Rubai
link: https://www.google.com/maps/search/Kafe+Rubai/@40.7480754,72.3626907?authuser=0&hl=nl&entry=ttu
Reviews: 13 reviews

Name: Kafe BARLOS
link: https://www.google.com/maps/search/Kafe+BARLOS/@40.813047499999996,72.3321046?authuser=0&hl=nl&entry=ttu
Reviews: 4 reviews

Name: AliBurger
link: https://www.google.com/maps/search/AliBurger/@40.766641899999996,72.3066304?authuser=0&hl=nl&entry=ttu
Reviews: 2 reviews",,Asilbek kafe (eigenaar),,,Koffiebar,Koffiebar,,,Open All Days,,"R8WF+V5C Asilbek kafe, Andijon, Oezbekistan",,https://www.google.com/maps/place/Asilbek+kafe/data=!4m7!3m6!1s0x38bc95c3989eb805:0xe341aa0a47339599!8m2!3d40.8474444!4d72.3236299!16s%2Fg%2F11rmx09kq1!19sChIJBbiemMOVvDgRmZUzRwqqQeM?authuser=0&hl=nl&rclk=1
ChIJk21TZLLtvDgRmrEQloZnjuo,Mandarin,,False,,"Name: OMAD CHOYXONASI
link: https://www.google.com/maps/search/OMAD+CHOYXONASI/@40.7585598,72.33606879999999?authuser=0&hl=nl&entry=ttu
Reviews: 6 reviews

Name: Oshkhona Oshxona
link: https://www.google.com/maps/search/%D0%9E%D1%88%D1%85%D0%BE%D0%BD%D0%B0+Oshxona/@40.7447844,72.31972069999999?authuser=0&hl=nl&entry=ttu
Reviews: 4 reviews

Name: Jalabek
link: https://www.google.com/maps/search/Jalabek/@40.7601862,72.3345037?authuser=0&hl=nl&entry=ttu
Reviews: 3 reviews

Name: Mandarin market
link: https://www.google.com/maps/search/Mandarin+market/@40.7896959,72.2580705?authuser=0&hl=nl&entry=ttu
Reviews: 2 reviews",,Mandarin (eigenaar),,https://lh5.googleusercontent.com/p/AF1QipPD8JqIj-oFtHGvZE1k2lk-7cbFMZNpEoadaUeb=w408-h544-k-no,Koffiebar,Koffiebar,,,Open All Days,,"Q83P+X4G Mandarin, Andijan, Oezbekistan",,https://www.google.com/maps/place/Mandarin/data=!4m7!3m6!1s0x38bcedb264536d93:0xea8e67869610b19a!8m2!3d40.7549257!4d72.3353198!16s%2Fg%2F11plvh26xm!19sChIJk21TZLLtvDgRmrEQloZnjuo?authuser=0&hl=nl&rclk=1
ChIJu9Zf3WztvDgR5MHsBYzcAqU,Kafe bus station,,False,,"Name: Safia
link: https://www.google.com/maps/search/Safia/@40.7522622,72.3636033?authuser=0&hl=nl&entry=ttu
Reviews: 34 reviews

Name: Coffee Room
link: https://www.google.com/maps/search/Coffee+Room/@40.744054299999995,72.34568349999999?authuser=0&hl=nl&entry=ttu
Reviews: 25 reviews

Name: CAFE FRIENDS
link: https://www.google.com/maps/search/CAFE+FRIENDS/@40.7602054,72.33437889999999?authuser=0&hl=nl&entry=ttu
Reviews: 14 reviews

Name: Toshkent kafesi (Beshbarmoq)
link: https://www.google.com/maps/search/Toshkent+kafesi+%28Beshbarmoq%29/@40.7549886,72.3762442?authuser=0&hl=nl&entry=ttu
Reviews: 2 reviews",,Kafe bus station (eigenaar),,,Koffiebar,Koffiebar,,08:30-21:00,Open All Days,,"Q944+M39 Kafe bus station, Ulitsa B Rakhimova, Andijan, Oezbekistan",,https://www.google.com/maps/place/Kafe+bus+station/data=!4m7!3m6!1s0x38bced6cdd5fd6bb:0xa502dc8c05ecc1e4!8m2!3d40.7567855!4d72.3550746!16s%2Fg%2F11t7k0bd4q!19sChIJu9Zf3WztvDgR5MHsBYzcAqU?authuser=0&hl=nl&rclk=1
ChIJmUWZNTPtvDgR8kYAnJin50E,La somsa Andijan,,False,,"Name: Maydon Somsa
link: https://www.google.com/maps/search/Maydon+Somsa/@40.797302599999995,72.3360623?authuser=0&hl=nl&entry=ttu
Reviews: 12 reviews

Name: Olmazor somsa
link: https://www.google.com/maps/search/Olmazor+somsa/@40.7771147,72.31773460000001?authuser=0&hl=nl&entry=ttu
Reviews: 6 reviews

Name: EVOS Navruz Mall
link: https://www.google.com/maps/search/EVOS+%D0%9D%D0%B0%D0%B2%D1%80%D1%83%D0%B7+Mall/@40.751529399999995,72.3636808?authuser=0&hl=nl&entry=ttu
Reviews: 5 reviews

Name: Maza somsa
link: https://www.google.com/maps/search/Maza+%D1%81%D0%BE%D0%BC%D1%81%D0%B0/@40.751617599999996,72.3459055?authuser=0&hl=nl&entry=ttu
Reviews: 3 reviews",,La somsa Andijan (eigenaar),,https://lh5.googleusercontent.com/p/AF1QipOEMlcRbY-dqFyeXXHBxg6pzynyWF8U7XX83JnT=w408-h291-k-no,Koffiebar,Koffiebar,,,Open All Days,+998 99 909 11 50,"P8VW+PM4 La somsa Andijan, Andijan, Oezbekistan",,https://www.google.com/maps/place/La+somsa+Andijan/data=!4m7!3m6!1s0x38bced3335994599:0x41e7a7989c0046f2!8m2!3d40.7440508!4d72.3480155!16s%2Fg%2F11rk5ds_b9!19sChIJmUWZNTPtvDgR8kYAnJin50E?authuser=0&hl=nl&rclk=1
ChIJ1_FMyBzrvDgRMhqk2EtfZoc,Meva Sharbatlari,,False,,"Name: Kafe Yalla
link: https://www.google.com/maps/search/Kafe+Yalla/@40.78285950000001,72.3463673?authuser=0&hl=nl&entry=ttu
Reviews: 88 reviews

Name: Gumbaz Mazar markazi
link: https://www.google.com/maps/search/Gumbaz+Mazar+markazi/@40.803540999999996,72.3334754?authuser=0&hl=nl&entry=ttu
Reviews: 5 reviews

Name: Mazza
link: https://www.google.com/maps/search/Mazza/@40.7836427,72.3462749?authuser=0&hl=nl&entry=ttu
Reviews: 1 reviews

Name: Nazif
link: https://www.google.com/maps/search/Nazif/@40.7858528,72.3446931?authuser=0&hl=nl&entry=ttu
Reviews: 1 reviews

Name: Safo Marva
link: https://www.google.com/maps/search/Safo+Marva/@40.806957399999995,72.333517?authuser=0&hl=nl&entry=ttu
Reviews: 1 reviews",,Meva Sharbatlari (eigenaar),,,Koffiebar,Koffiebar,,,Open All Days,,"Q8PR+PW8 Meva Sharbatlari, Andijan, Oezbekistan",,https://www.google.com/maps/place/Meva+Sharbatlari/data=!4m7!3m6!1s0x38bceb1cc84cf1d7:0x87665f4bd8a41a32!8m2!3d40.7869124!4d72.34237!16s%2Fg%2F11rvhp9k30!19sChIJ1_FMyBzrvDgRMhqk2EtfZoc?authuser=0&hl=nl&rclk=1
ChIJVVVVVVWUvDgRiDYkz2qKeVY,Limon,,False,,"Name: Kafe "" YULDUZ ""
link: https://www.google.com/maps/search/Kafe+%22+YULDUZ+%22/@40.7521906,72.3397702?authuser=0&hl=nl&entry=ttu
Reviews: 42 reviews

Name: Rayxon
link: https://www.google.com/maps/search/Rayxon/@40.7805068,72.3519354?authuser=0&hl=nl&entry=ttu
Reviews: 10 reviews

Name: NIHOL Oshxonasi
link: https://www.google.com/maps/search/NIHOL+Oshxonasi/@40.7701711,72.3653673?authuser=0&hl=nl&entry=ttu
Reviews: 9 reviews

Name: Oydinoy toyxona
link: https://www.google.com/maps/search/Oydinoy+toyxona/@40.8153561,72.28375?authuser=0&hl=nl&entry=ttu
Reviews: 0 reviews

Name: Dori
link: https://www.google.com/maps/search/Dori/@40.8153561,72.28375?authuser=0&hl=nl&entry=ttu
Reviews: 0 reviews",,Limon (eigenaar),,,Cafe,Cafe,,,Open All Days,+998 98 570 60 90,"R78M+4FX Limon, Andijan, Oezbekistan",,https://www.google.com/maps/place/Limon/data=!4m7!3m6!1s0x38bc945555555555:0x56798a6acf243688!8m2!3d40.8153561!4d72.28375!16s%2Fg%2F11f1s4m97b!19sChIJVVVVVVWUvDgRiDYkz2qKeVY?authuser=0&hl=nl&rclk=1
ChIJhXGytzbrvDgRjSTiZ0x4x4U,Gumus,,False,,"Name: cafe Sim Sim
link: https://www.google.com/maps/search/cafe+Sim+Sim/@40.758790999999995,72.3548469?authuser=0&hl=nl&entry=ttu
Reviews: 37 reviews

Name: Gumbaz Burger
link: https://www.google.com/maps/search/Gumbaz+Burger/@40.8018663,72.33230549999999?authuser=0&hl=nl&entry=ttu
Reviews: 5 reviews

Name: Gumbaz.Parxez Taomlari
link: https://www.google.com/maps/search/Gumbaz.Parxez+Taomlari/@40.750513,72.3586711?authuser=0&hl=nl&entry=ttu
Reviews: 4 reviews

Name: ""Zaytun"" choyxonasi
link: https://www.google.com/maps/search/%22Zaytun%22+choyxonasi/@40.7868637,72.3401729?authuser=0&hl=nl&entry=ttu
Reviews: 2 reviews

Name: Yasin
link: https://www.google.com/maps/search/Yasin/@40.7836329,72.34600619999999?authuser=0&hl=nl&entry=ttu
Reviews: 0 reviews",,Gumus (eigenaar),,https://lh5.googleusercontent.com/p/AF1QipNtjDIIdbQ_L-2iKLISTNOX0nEg7C9bmjX5VzX4=w533-h240-k-no,Cafe,Cafe,,,Open All Days,,"Q8RJ+8WV Gumus, Andijan, Oezbekistan",,https://www.google.com/maps/place/G%C3%BCm%C3%BCs/data=!4m7!3m6!1s0x38bceb36b7b27185:0x85c7784c67e2248d!8m2!3d40.7908506!4d72.3322862!16s%2Fg%2F11pl54zgmn!19sChIJhXGytzbrvDgRjSTiZ0x4x4U?authuser=0&hl=nl&rclk=1
ChIJZ7jvjU3tvDgRZLnO7kxSqH0,Javlon choyhonasi,,False,,"Name: ""Andijon City"" choyxona
link: https://www.google.com/maps/search/%22Andijon+City%22+choyxona/@40.7617067,72.3610982?authuser=0&hl=nl&entry=ttu
Reviews: 33 reviews

Name: OXXO KAFE
link: https://www.google.com/maps/search/OXXO+KAFE/@40.7441014,72.3353788?authuser=0&hl=nl&entry=ttu
Reviews: 11 reviews

Name: NIHOL Oshxonasi
link: https://www.google.com/maps/search/NIHOL+Oshxonasi/@40.7701711,72.3653673?authuser=0&hl=nl&entry=ttu
Reviews: 9 reviews

Name: Nihol o o
link: https://www.google.com/maps/search/Nihol+o+o/@40.783559499999996,72.30827339999999?authuser=0&hl=nl&entry=ttu
Reviews: 0 reviews",,Javlon choyhonasi (eigenaar),,,Koffiebar,Koffiebar,,,Open All Days,,"Q9C7+7CG Javlon choyhonasi, Unnamed Road, Andijan, Oezbekistan",,https://www.google.com/maps/place/Javlon+choyhonasi/data=!4m7!3m6!1s0x38bced4d8defb867:0x7da8524ceeceb964!8m2!3d40.7706951!4d72.3635678!16s%2Fg%2F11qg3mp39x!19sChIJZ7jvjU3tvDgRZLnO7kxSqH0?authuser=0&hl=nl&rclk=1
