place_id,name,description,is_spending_on_ads,reviews,competitors,website,owner_name,owner_profile_link,featured_image,main_category,categories,rating,workday_timing,closed_on,phone,address,review_keywords,link
ChIJ9zilYTKYpgARmTTT9e1yjGE,Boca do Forno,,False,680,"Name: Boca do Forno Castelo
link: https://www.google.com/maps/search/Boca+do+Forno+Castelo/@-19.887266999999998,-44.000725599999996?authuser=0&hl=zh-TW&entry=ttu
Reviews: 554 reviews

Name: Padaria Enrico
link: https://www.google.com/maps/search/Padaria+Enrico/@-19.9524784,-43.9314393?authuser=0&hl=zh-TW&entry=ttu
Reviews: 300 reviews

Name: Sabor de Pao Sion | Padaria, Pizzaria e Hortifruti
link: https://www.google.com/maps/search/Sabor+de+P%C3%A3o+Sion+%7C+Padaria%2C+Pizzaria+e+Hortifruti/@-19.9589428,-43.937738499999995?authuser=0&hl=zh-TW&entry=ttu
Reviews: 109 reviews

Name: Sabor Ao Forno
link: https://www.google.com/maps/search/Sabor+Ao+Forno/@-19.919573400000004,-43.9391258?authuser=0&hl=zh-TW&entry=ttu
Reviews: 2 reviews",https://bocadoforno.com.br/,Boca do Forno (Ye Zhu ),https://www.google.com/maps/contrib/106446003799070404849,https://lh5.googleusercontent.com/p/AF1QipPibamDk1jag0iCEuazoF-L5y9Tl0boyjqk6KAl=w426-h240-k-no,Ka Pei Ting ,Ka Pei Ting ,4.5,09:00-19:30,Open All Days,+55 31 3223-6209,"Boca do Forno - Praca Nova York, 52 - Sion, Belo Horizonte - MG, 30315-550Ba Xi ","Pai , Dan Gao , Ji Rou , Xiao Chi Dian , Zhi Fu ",https://www.google.com/maps/place/Boca+do+Forno/data=!4m7!3m6!1s0xa6983261a538f7:0x618c72edf5d33499!8m2!3d-19.9526077!4d-43.9332226!16s%2Fg%2F1tf72539!19sChIJ9zilYTKYpgARmTTT9e1yjGE?authuser=0&hl=zh-TW&rclk=1
ChIJewvoM_iXpgARteSN-SN4cZs,Ah! Bon Cafe - BH Shopping,,False,333,"Name: Ah! Bon Cafe - Patio Savassi
link: https://www.google.com/maps/search/Ah%21+Bon+Caf%C3%A9+-+P%C3%A1tio+Savassi/@-19.941388900000003,-43.9341667?authuser=0&hl=zh-TW&entry=ttu
Reviews: 485 reviews

Name: Starbucks
link: https://www.google.com/maps/search/Starbucks/@-19.9742624,-43.9445729?authuser=0&hl=zh-TW&entry=ttu
Reviews: 197 reviews

Name: HAVANNA BH Shopping
link: https://www.google.com/maps/search/HAVANNA+BH+Shopping/@-19.974755599999998,-43.9447772?authuser=0&hl=zh-TW&entry=ttu
Reviews: 160 reviews

Name: Cappuccini
link: https://www.google.com/maps/search/Cappuccini/@-19.975096999999998,-43.9444103?authuser=0&hl=zh-TW&entry=ttu
Reviews: 136 reviews

Name: Mr. Black Cafe Reserva
link: https://www.google.com/maps/search/Mr.+Black+Caf%C3%A9+Reserva/@-19.9742624,-43.9445729?authuser=0&hl=zh-TW&entry=ttu
Reviews: 68 reviews",https://www.ahbon.com.br/,Ah! Bon Cafe - BH Shopping (Ye Zhu ),https://www.google.com/maps/contrib/115367685420323855780,https://lh5.googleusercontent.com/p/AF1QipPIBmwXv_ryHrfBWcPU_qISChQM-zg3WV79y5FE=w408-h453-k-no,Zi Zhu Can Ting ,"Zi Zhu Can Ting , Xiao Can Guan  (Bistro), Ka Pei Ting , Ka Pei Dian , Tian Pin Can Ting , Tian Pin Dian , Mei Shi Can Che Dian , Wu Can Can Ting , Can Ting ",4.2,10:00-22:00,Open All Days,+55 31 3286-7985,"Ah! Bon Cafe - BH Shopping - Piso Nova Lima BH Shopping, BR-356, 3049 - Belvedere, Belo Horizonte - MG, 30320-900Ba Xi ","Jia Ge , Wu Can , Zhuo , Jing Yan , Sha La , Shang Chang , Dun Fan , San Ming Zhi ",https://www.google.com/maps/place/Ah!+Bon+Caf%C3%A9+-+BH+Shopping/data=!4m7!3m6!1s0xa697f833e80b7b:0x9b717823f98de4b5!8m2!3d-19.9740082!4d-43.9445332!16s%2Fg%2F1ptxdmcq3!19sChIJewvoM_iXpgARteSN-SN4cZs?authuser=0&hl=zh-TW&rclk=1
ChIJcQvvktKXpgARbToHEgOUunU,Du Pain & C.A - Vila da Serra,,False,258,"Name: Mocca Coffee & Meals
link: https://www.google.com/maps/search/Mocca+Coffee+%26+Meals/@-19.982694199999997,-43.945007100000005?authuser=0&hl=zh-TW&entry=ttu
Reviews: 1095 reviews

Name: Uluru Cafe - Vila da Serra
link: https://www.google.com/maps/search/Uluru+Caf%C3%A9+-+Vila+da+Serra/@-19.9752173,-43.9376739?authuser=0&hl=zh-TW&entry=ttu
Reviews: 123 reviews

Name: Cafe da Serra
link: https://www.google.com/maps/search/Caf%C3%A9+da+Serra/@-19.9820361,-43.9444143?authuser=0&hl=zh-TW&entry=ttu
Reviews: 28 reviews

Name: Villa Cafe - (Vale do Sereno)
link: https://www.google.com/maps/search/Villa+Caf%C3%A9+-+%28Vale+do+Sereno%29/@-19.9808134,-43.9454245?authuser=0&hl=zh-TW&entry=ttu
Reviews: 8 reviews",http://www.dupain.com.br/,Du Pain & C.A - Vila da Serra (Ye Zhu ),https://www.google.com/maps/contrib/100611461078842422159,https://lh5.googleusercontent.com/p/AF1QipMVj0COW_YMMKKtXZVgZ3NtT40Zs7RDroV8MGMT=w408-h272-k-no,Mian Bao Xi Bing Dian ,"Mian Bao Xi Bing Dian , Ka Pei Dian ",4.3,12:00-20:00,Xing Qi Yi ,,"Du Pain & C.A - Vila da Serra - Alameda do Inga, 150 - Vila da Serra, Nova Lima - MG, 34006-042Ba Xi ","Ke Song , Huan Jing , Cai Dan , Zao Can , Jing Yan , Zhuang Xiu , Qia Bu Qi Nuo , Zao Wu Can , Chuang ",https://www.google.com/maps/place/Du+Pain+%26+C.A+-+Vila+da+Serra/data=!4m7!3m6!1s0xa697d292ef0b71:0x75ba940312073a6d!8m2!3d-19.9822852!4d-43.9438523!16s%2Fg%2F11qg0765w1!19sChIJcQvvktKXpgARbToHEgOUunU?authuser=0&hl=zh-TW&rclk=1
ChIJp8swH_iXpgARuJmGSHMIjP0,HAVANNA BH Shopping,,False,160,"Name: Havanna
link: https://www.google.com/maps/search/Havanna/@-19.920681899999998,-43.9201173?authuser=0&hl=zh-TW&entry=ttu
Reviews: 344 reviews

Name: Ah! Bon Cafe - BH Shopping
link: https://www.google.com/maps/search/Ah%21+Bon+Caf%C3%A9+-+BH+Shopping/@-19.9740082,-43.944533199999995?authuser=0&hl=zh-TW&entry=ttu
Reviews: 333 reviews

Name: Starbucks
link: https://www.google.com/maps/search/Starbucks/@-19.9742624,-43.9445729?authuser=0&hl=zh-TW&entry=ttu
Reviews: 197 reviews

Name: Cappuccini
link: https://www.google.com/maps/search/Cappuccini/@-19.975096999999998,-43.9444103?authuser=0&hl=zh-TW&entry=ttu
Reviews: 136 reviews",https://linkme.bio/havannabh/,HAVANNA BH Shopping (Ye Zhu ),https://www.google.com/maps/contrib/109229064415264665142,https://lh5.googleusercontent.com/p/AF1QipO_8eDlKseYwlPsWiIHNteRgo1kDwUtu5l_IMNG=w426-h240-k-no,Ka Pei Dian ,"Ka Pei Dian , Ka Pei Ting ",4,10:00-22:00,Open All Days,+55 31 99228-4652,"HAVANNA BH Shopping, BH Shopping - BR-356, 3049 - Belvedere, Belo Horizonte - MG, 30320-900Ba Xi ","Chan Pin , Jing Yan , Jiao Tang Niu Nai , Zhuo , Ke Song , Leng ",https://www.google.com/maps/place/HAVANNA+BH+Shopping/data=!4m7!3m6!1s0xa697f81f30cba7:0xfd8c0873488699b8!8m2!3d-19.9747556!4d-43.9447772!16s%2Fg%2F11d_d3w6jj!19sChIJp8swH_iXpgARuJmGSHMIjP0?authuser=0&hl=zh-TW&rclk=1
ChIJeVQ5NLuZpgARRy84m5Z9OWo,Uluru Cafe - Vila da Serra,,False,123,"Name: Uluru Cafe - Afonso Pena
link: https://www.google.com/maps/search/Uluru+Caf%C3%A9+-+Afonso+Pena/@-19.936625799999998,-43.927391899999996?authuser=0&hl=zh-TW&entry=ttu
Reviews: 1351 reviews

Name: Du Pain & C.A - Vila da Serra
link: https://www.google.com/maps/search/Du+Pain+%26+C.A+-+Vila+da+Serra/@-19.9822852,-43.943852299999996?authuser=0&hl=zh-TW&entry=ttu
Reviews: 258 reviews

Name: Cafe da Serra
link: https://www.google.com/maps/search/Caf%C3%A9+da+Serra/@-19.9820361,-43.9444143?authuser=0&hl=zh-TW&entry=ttu
Reviews: 28 reviews

Name: Mais1 Cafe - Vila da Serra
link: https://www.google.com/maps/search/Mais1+Caf%C3%A9+-+Vila+da+Serra/@-19.975235299999998,-43.9377748?authuser=0&hl=zh-TW&entry=ttu
Reviews: 26 reviews

Name: Urulu vila da serra
link: https://www.google.com/maps/search/Urulu+vila+da+serra/@-19.9792417,-43.942785699999995?authuser=0&hl=zh-TW&entry=ttu
Reviews: 0 reviews",http://www.ulurucafe.com.br/,Uluru Cafe - Vila da Serra (Ye Zhu ),https://www.google.com/maps/contrib/102775229372797567639,https://lh5.googleusercontent.com/p/AF1QipNf5jEsSjTUKGc9B6T6PYxpdYpIqrGEtTAKo_UV=w408-h544-k-no,Ka Pei Dian ,Ka Pei Dian ,4.5,08:00-22:00,Open All Days,+55 31 97177-3579,"Uluru Cafe - Vila da Serra - Alameda Oscar Niemeyer, 1369 - Vila da Serra, Nova Lima - MG, 34006-065Ba Xi ","Huan Jing , Jia Ge , Wu Can , Jiao Yu , Fu Wu , Ke Song , Zhuo , Jing Yan ",https://www.google.com/maps/place/Uluru+Caf%C3%A9+-+Vila+da+Serra/data=!4m7!3m6!1s0xa699bb34395479:0x6a397d969b382f47!8m2!3d-19.9752173!4d-43.9376739!16s%2Fg%2F11rzq18z25!19sChIJeVQ5NLuZpgARRy84m5Z9OWo?authuser=0&hl=zh-TW&rclk=1
ChIJXUXLSDufpgARiKBNfI5NBJk,Fina Formiga,,False,98,"Name: Fina formiga
link: https://www.google.com/maps/search/Fina+formiga/@-20.0069814,-43.857977399999996?authuser=0&hl=zh-TW&entry=ttu
Reviews: 14 reviews

Name: Doce Vilela
link: https://www.google.com/maps/search/Doce+Vilela/@-19.9846443,-43.853147199999995?authuser=0&hl=zh-TW&entry=ttu
Reviews: 9 reviews

Name: Vovo Formiga Bolos Caseiros Nova Lima MG
link: https://www.google.com/maps/search/Vov%C3%B3+Formiga+Bolos+Caseiros+Nova+Lima+MG/@-19.983067600000002,-43.8437907?authuser=0&hl=zh-TW&entry=ttu
Reviews: 7 reviews",https://instagram.com/finaformiga%3Figshid%3Dbxwtvi4wt14f,Fina Formiga (Ye Zhu ),https://www.google.com/maps/contrib/110746730458680350662,https://lh5.googleusercontent.com/p/AF1QipOV9vew_Esf479CRt98pCrK-gfK9VUsfz4-53aV=w426-h240-k-no,Ka Pei Dian ,Ka Pei Dian ,4.5,13:00-20:00,Xing Qi Yi ,+55 31 3694-3295,"Fina Formiga - Av. Rio Branco, 432 - Centro, Nova Lima - MG, 34000-132Ba Xi ","Dan Gao , Guo Jiang ",https://www.google.com/maps/place/Fina+Formiga/data=!4m7!3m6!1s0xa69f3b48cb455d:0x99044d8e7c4da088!8m2!3d-19.9842184!4d-43.8538938!16s%2Fg%2F11hbkbfspl!19sChIJXUXLSDufpgARiKBNfI5NBJk?authuser=0&hl=zh-TW&rclk=1
ChIJF1xK5SKfpgARdpKLqmsMNpE,Cacau Show,,False,73,"Name: Cacau Show
link: https://www.google.com/maps/search/Cacau+Show/@-20.0624574,-43.9785602?authuser=0&hl=zh-TW&entry=ttu
Reviews: 35 reviews

Name: Cacau Show
link: https://www.google.com/maps/search/Cacau+Show/@-19.889724500000003,-43.9282476?authuser=0&hl=zh-TW&entry=ttu
Reviews: 9 reviews

Name: Cacau Show
link: https://www.google.com/maps/search/Cacau+Show/@-19.9325615,-43.935195400000005?authuser=0&hl=zh-TW&entry=ttu
Reviews: 9 reviews

Name: Chocolates Brasil Cacau
link: https://www.google.com/maps/search/Chocolates+Brasil+Cacau/@-19.983999999999998,-43.851200299999995?authuser=0&hl=zh-TW&entry=ttu
Reviews: 4 reviews

Name: Cacau Show
link: https://www.google.com/maps/search/Cacau+Show/@-20.0000423,-43.891594999999995?authuser=0&hl=zh-TW&entry=ttu
Reviews: 1 reviews",https://www.cacaushow.com.br/,Cacau Show (Ye Zhu ),https://www.google.com/maps/contrib/109691643680597309146,https://lh5.googleusercontent.com/p/AF1QipMFIcHUwyGx2WM8XjdmSgZBS7toFaYcrq5mmUE_=w426-h240-k-no,Qiao Ke Li Gong Chang ,"Qiao Ke Li Gong Chang , Tang Guo Dian , Qiao Ke Li Gong Jiang , Ka Pei Dian , Xue Gao Dian ",4.6,09:00-19:00,Xing Qi Ri ,+55 31 3542-4421,"Cacau Show - Praca Cornoel Aristides, 15 - Centro, Nova Lima - MG, 34001-324Ba Xi ",,https://www.google.com/maps/place/Cacau+Show/data=!4m7!3m6!1s0xa69f22e54a5c17:0x91360c6baa8b9276!8m2!3d-19.9834566!4d-43.8504537!16s%2Fg%2F1yfjv7nx9!19sChIJF1xK5SKfpgARdpKLqmsMNpE?authuser=0&hl=zh-TW&rclk=1
ChIJD_7TGAOYpgARNkSihEZrmUI,Kopenhagen Vila da Serra,,False,47,"Name: Kopenhagen - BH - Santa Efigenia
link: https://www.google.com/maps/search/Kopenhagen+-+BH+-+Santa+Efig%C3%AAnia/@-19.926274499999998,-43.9260077?authuser=0&hl=zh-TW&entry=ttu
Reviews: 36 reviews

Name: Kopenhagen - Alphaville
link: https://www.google.com/maps/search/Kopenhagen+-+Alphaville/@-20.1617537,-43.9540444?authuser=0&hl=zh-TW&entry=ttu
Reviews: 26 reviews

Name: Kopenhagen BH Lifecenter
link: https://www.google.com/maps/search/Kopenhagen+BH+Lifecenter/@-19.9348356,-43.9244808?authuser=0&hl=zh-TW&entry=ttu
Reviews: 21 reviews

Name: The Coffee
link: https://www.google.com/maps/search/The+Coffee/@-19.9838027,-43.9462738?authuser=0&hl=zh-TW&entry=ttu
Reviews: 4 reviews",http://www.kopenhagen.com.br/,Kopenhagen Vila da Serra (Ye Zhu ),https://www.google.com/maps/contrib/106798049849734240132,https://lh5.googleusercontent.com/p/AF1QipPX7mBoLLZARBmd7OQK_5o9Qx9lfxyqzwQ_mkCa=w408-h400-k-no,Qiao Ke Li Gong Chang ,"Qiao Ke Li Gong Chang , Ka Pei Dian ",4.1,09:00-20:00,Open All Days,+55 31 97219-2084,"Kopenhagen Vila da Serra - Alameda Oscar Niemeyer, 1033 - Loja 14 - Vila da Serra, Nova Lima - MG, 34008-053Ba Xi ",,https://www.google.com/maps/place/Kopenhagen+Vila+da+Serra/data=!4m7!3m6!1s0xa6980318d3fe0f:0x42996b4684a24436!8m2!3d-19.9769719!4d-43.940978!16s%2Fg%2F11gczxr_0h!19sChIJD_7TGAOYpgARNkSihEZrmUI?authuser=0&hl=zh-TW&rclk=1
ChIJTUTT6lW9pgARO3uf9OGEzCw,Ms Baker,,False,46,"Name: Mocca Coffee & Meals
link: https://www.google.com/maps/search/Mocca+Coffee+%26+Meals/@-19.982694199999997,-43.945007100000005?authuser=0&hl=zh-TW&entry=ttu
Reviews: 1095 reviews

Name: Emporio Paraiso Cafe e Salumeria
link: https://www.google.com/maps/search/Emp%C3%B3rio+Para%C3%ADso+Caf%C3%A9+e+Salumeria/@-19.9844789,-43.9467275?authuser=0&hl=zh-TW&entry=ttu
Reviews: 480 reviews

Name: Cafe da Serra
link: https://www.google.com/maps/search/Caf%C3%A9+da+Serra/@-19.9820361,-43.9444143?authuser=0&hl=zh-TW&entry=ttu
Reviews: 28 reviews

Name: Mais1 Cafe - Vila da Serra
link: https://www.google.com/maps/search/Mais1+Caf%C3%A9+-+Vila+da+Serra/@-19.975235299999998,-43.9377748?authuser=0&hl=zh-TW&entry=ttu
Reviews: 26 reviews

Name: Coffee and Company Brasil
link: https://www.google.com/maps/search/Coffee+and+Company+Brasil/@-19.982513,-43.9456905?authuser=0&hl=zh-TW&entry=ttu
Reviews: 1 reviews",https://www.msbaker.com.br/,Ms Baker (Ye Zhu ),https://www.google.com/maps/contrib/117809007885886172020,https://lh5.googleusercontent.com/p/AF1QipP9MklCKXN-WrKEsMCnAjYM_Bu7oBYl8VXgsLe2=w408-h271-k-no,Ka Pei Dian ,"Ka Pei Dian , Fan He Gong Ying Shang , Tian Pin Dian , Zheng Liu Ka Pei Ba , Can Ting , San Wen Zhi Dian , Wi-Fi Re Dian ",4.4,07:00-18:00,"Xing Qi Ri , Xing Qi Yi , Xing Qi Liu ",+55 31 2581-5050,"Ms Baker, Ed Icon - R. Min. Orozimbo Nonato, 102 - Loja 01 - Vila da Serra, Nova Lima - MG, 34006-053Ba Xi ","Wu Can , Xiao Chi , Huan Jing , Tuan Dui , Di Qu ",https://www.google.com/maps/place/Ms+Baker/data=!4m7!3m6!1s0xa6bd55ead3444d:0x2ccc84e1f49f7b3b!8m2!3d-19.984641!4d-43.947269!16s%2Fg%2F11c1wl1cry!19sChIJTUTT6lW9pgARO3uf9OGEzCw?authuser=0&hl=zh-TW&rclk=1
ChIJD2N7qwi7pgARt2Y70kzmUCY,Cacau Show,,False,35,"Name: Cacau Show
link: https://www.google.com/maps/search/Cacau+Show/@-19.9834566,-43.850453699999996?authuser=0&hl=zh-TW&entry=ttu
Reviews: 72 reviews

Name: Cacau Show
link: https://www.google.com/maps/search/Cacau+Show/@-19.889724500000003,-43.9282476?authuser=0&hl=zh-TW&entry=ttu
Reviews: 9 reviews

Name: Cacau Show
link: https://www.google.com/maps/search/Cacau+Show/@-19.9325615,-43.935195400000005?authuser=0&hl=zh-TW&entry=ttu
Reviews: 9 reviews

Name: Therra Aromas e Sabores
link: https://www.google.com/maps/search/Therra+Aromas+e+Sabores/@-20.065234,-43.98674940000001?authuser=0&hl=zh-TW&entry=ttu
Reviews: 2 reviews

Name: Cacau Show
link: https://www.google.com/maps/search/Cacau+Show/@-20.0000423,-43.891594999999995?authuser=0&hl=zh-TW&entry=ttu
Reviews: 1 reviews",https://www.cacaushow.com.br/,Cacau Show (Ye Zhu ),https://www.google.com/maps/contrib/103040369195176697990,https://lh5.googleusercontent.com/p/AF1QipPAB4u1m8iSivbFHPkFt5Xd1d8BXXheeKZSrDIg=w426-h240-k-no,Qiao Ke Li Gong Chang ,"Qiao Ke Li Gong Chang , Tang Guo Dian , Qiao Ke Li Gong Jiang , Ka Pei Dian , Xue Gao Dian ",4.2,09:00-19:00,Xing Qi Ri ,+55 31 3665-9199,"Cacau Show - Av. Toronto, 508 - Jardim Canada, Nova Lima - MG, 34007-658Ba Xi ",,https://www.google.com/maps/place/Cacau+Show/data=!4m7!3m6!1s0xa6bb08ab7b630f:0x2650e64cd23b66b7!8m2!3d-20.0624574!4d-43.9785602!16s%2Fg%2F11gl4rxf_t!19sChIJD2N7qwi7pgARt2Y70kzmUCY?authuser=0&hl=zh-TW&rclk=1
ChIJEy58Ee2ZpgARKZj84X5jp7g,Mais1 Cafe - Vila da Serra,,False,26,"Name: Mocca Coffee & Meals
link: https://www.google.com/maps/search/Mocca+Coffee+%26+Meals/@-19.982694199999997,-43.945007100000005?authuser=0&hl=zh-TW&entry=ttu
Reviews: 1095 reviews

Name: Uluru Cafe - Vila da Serra
link: https://www.google.com/maps/search/Uluru+Caf%C3%A9+-+Vila+da+Serra/@-19.9752173,-43.9376739?authuser=0&hl=zh-TW&entry=ttu
Reviews: 123 reviews

Name: mais1 Cafe - BH centro
link: https://www.google.com/maps/search/mais1+Caf%C3%A9+-+BH+centro/@-19.9200211,-43.9375911?authuser=0&hl=zh-TW&entry=ttu
Reviews: 46 reviews

Name: Cafe da Serra
link: https://www.google.com/maps/search/Caf%C3%A9+da+Serra/@-19.9820361,-43.9444143?authuser=0&hl=zh-TW&entry=ttu
Reviews: 28 reviews",http://www.mais1cafe.com.br/,Mais1 Cafe - Vila da Serra (Ye Zhu ),https://www.google.com/maps/contrib/104623767860443265911,https://lh5.googleusercontent.com/p/AF1QipNqp8hGauW9eTrzaAMktMKjlLIS2DZeiM2VNKI=w408-h544-k-no,Ka Pei Dian ,"Ka Pei Dian , Mian Bao Xi Bing Dian , Zheng Liu Ka Pei Ba ",4.8,09:00-19:15,Open All Days,+55 31 99825-0885,"Mais1 Cafe - Vila da Serra - Alameda Oscar Niemeyer, 1369 - Loja H - Vila da Serra, Nova Lima - MG, 34000-000Ba Xi ",,https://www.google.com/maps/place/Mais1+Caf%C3%A9+-+Vila+da+Serra/data=!4m7!3m6!1s0xa699ed117c2e13:0xb8a7637ee1fc9829!8m2!3d-19.9752353!4d-43.9377748!16s%2Fg%2F11lx8br20q!19sChIJEy58Ee2ZpgARKZj84X5jp7g?authuser=0&hl=zh-TW&rclk=1
ChIJE30ykFq9pgARfx1AVpwHHb0,La Guapa Empanadas,,False,18,,http://www.laguapa.com.br/,La Guapa Empanadas (Ye Zhu ),https://www.google.com/maps/contrib/114936701417698621147,https://lh5.googleusercontent.com/p/AF1QipNwXWePG5MiSzgQCj_NqrVu5uPaitOTOiYdDEiI=w408-h725-k-no,Zheng Liu Ka Pei Ba ,Zheng Liu Ka Pei Ba ,4.8,10:00-22:00,Open All Days,,"La Guapa Empanadas - R. Min. Orozimbo Nonato, 215 - Loja 16 PAVMT 01 - Vila da Serra, Nova Lima - MG, 34006-053Ba Xi ",,https://www.google.com/maps/place/La+Guapa+Empanadas/data=!4m7!3m6!1s0xa6bd5a90327d13:0xbd1d079c56401d7f!8m2!3d-19.9847293!4d-43.9465963!16s%2Fg%2F11kpd0d8w5!19sChIJE30ykFq9pgARfx1AVpwHHb0?authuser=0&hl=zh-TW&rclk=1
ChIJ2QQD_SKfpgAR7gEIMj8G07g,Zahle Cafe,,False,11,"Name: Cafe da Serra
link: https://www.google.com/maps/search/Caf%C3%A9+da+Serra/@-19.9820361,-43.9444143?authuser=0&hl=zh-TW&entry=ttu
Reviews: 28 reviews

Name: Kfe
link: https://www.google.com/maps/search/Kfe/@-19.9831935,-43.8512811?authuser=0&hl=zh-TW&entry=ttu
Reviews: 6 reviews

Name: Coffee and Company Brasil
link: https://www.google.com/maps/search/Coffee+and+Company+Brasil/@-19.982513,-43.9456905?authuser=0&hl=zh-TW&entry=ttu
Reviews: 1 reviews",http://www.facebook.com/zahlecafe,Zahle Cafe (Ye Zhu ),,https://lh5.googleusercontent.com/p/AF1QipPQryIWW5mqN6KS9dStcTNeEDu66t44ExTXe5JY=w408-h306-k-no,Ka Pei Ting ,Ka Pei Ting ,3.5,,Open All Days,+55 31 98723-1031,"Zahle Cafe - praca aristides, 20, Ba Xi ",,https://www.google.com/maps/place/Zahle+Caf%C3%A9/data=!4m7!3m6!1s0xa69f22fd0304d9:0xb8d3063f320801ee!8m2!3d-19.9827602!4d-43.8500748!16s%2Fg%2F11bw4t6955!19sChIJ2QQD_SKfpgAR7gEIMj8G07g?authuser=0&hl=zh-TW&rclk=1
ChIJR1thDv-XpgARP3zTqnlT9No,Villa Cafe - (Vale do Sereno),,False,8,"Name: Restaurante Graciliano - Vila da Serra
link: https://www.google.com/maps/search/Restaurante+Graciliano+-+Vila+da+Serra/@-19.9805271,-43.943394399999995?authuser=0&hl=zh-TW&entry=ttu
Reviews: 275 reviews

Name: Via Condor Cafe
link: https://www.google.com/maps/search/Via+Condor+Caf%C3%A9/@-19.9805261,-43.9434383?authuser=0&hl=zh-TW&entry=ttu
Reviews: 86 reviews

Name: Vila 21
link: https://www.google.com/maps/search/Vila+21/@-19.9756885,-43.939427099999996?authuser=0&hl=zh-TW&entry=ttu
Reviews: 49 reviews

Name: Cafe da Serra
link: https://www.google.com/maps/search/Caf%C3%A9+da+Serra/@-19.9820361,-43.9444143?authuser=0&hl=zh-TW&entry=ttu
Reviews: 28 reviews",https://loja.villacafe.com.br/%3Ffbclid%3DPAAaa1f-W1TdhOdzvX7OcKSdNr-Ii6r0t00Mq5lNbw8w-m_32lTt5EiwWgHjo,Villa Cafe - (Vale do Sereno) (Ye Zhu ),https://www.google.com/maps/contrib/109698738712401534357,https://lh5.googleusercontent.com/p/AF1QipO_JFFAe9Q1J5Oqn1mhrG04yR03KWN7OnCvXpB8=w408-h244-k-no,Ka Pei Dian ,"Ka Pei Dian , Kuai Can Dian ",3.4,08:00-17:45,"Xing Qi Ri , Xing Qi Liu ",+55 31 3264-9209,"Villa Cafe - (Vale do Sereno) - R. da Paisagem, 271 - Vale do Sereno, Nova Lima - MG, 34006-056Ba Xi ",,https://www.google.com/maps/place/Villa+Caf%C3%A9+-+%28Vale+do+Sereno%29/data=!4m7!3m6!1s0xa697ff0e615b47:0xdaf45379aad37c3f!8m2!3d-19.9808134!4d-43.9454245!16s%2Fg%2F1vhq4ypp!19sChIJR1thDv-XpgARP3zTqnlT9No?authuser=0&hl=zh-TW&rclk=1
ChIJH8BQANmfpgARb8KM2KgE1KY,Cofee cafe jeova java trattoria Roceira,,False,6,"Name: JEOVA CAFE BISTRO JAVALAVA CAR
link: https://www.google.com/maps/search/JEOV%C3%81+CAF%C3%89+BISTR%C3%94+JAVALAVA+CAR/@-19.9920921,-43.846176199999995?authuser=0&hl=zh-TW&entry=ttu
Reviews: 9 reviews

Name: Kfe
link: https://www.google.com/maps/search/Kfe/@-19.9831935,-43.8512811?authuser=0&hl=zh-TW&entry=ttu
Reviews: 6 reviews

Name: Corfe Copiadora e Papelaria
link: https://www.google.com/maps/search/Corf%C3%A9+Copiadora+e+Papelaria/@-20.0542756,-43.9878168?authuser=0&hl=zh-TW&entry=ttu
Reviews: 3 reviews",https://cofee-cafe-java-trattoria-roceira.negocio.site/%3Futm_source%3Dgmb%26utm_medium%3Dreferral,Cofee cafe jeova java trattoria Roceira (Ye Zhu ),https://www.google.com/maps/contrib/100349849338500136987,https://lh5.googleusercontent.com/p/AF1QipMYkGM4F0ndPtSX0H_ofcSR_RQ1yCEwh8fFpyrG=w426-h240-k-no,Ka Pei Dian ,Ka Pei Dian ,5,06:00-17:30,Open All Days,+55 31 98533-1280,"Cofee cafe jeova java trattoria Roceira, LOJA de esquina - Rua Dez de novembro 95 A RUA DEZ DE NOVEMBRO No95 MG 95 - Cascalho, Nova Lima - MG, 34002-354Ba Xi ",,https://www.google.com/maps/place/Cofee+caf%C3%A9+jeov%C3%A1+java+trattoria+Roceira/data=!4m7!3m6!1s0xa69fd90050c01f:0xa6d404a8d88cc26f!8m2!3d-19.9921141!4d-43.8459851!16s%2Fg%2F11h80j2pn3!19sChIJH8BQANmfpgARb8KM2KgE1KY?authuser=0&hl=zh-TW&rclk=1
ChIJG5qb_22XpgARiDGEYn4c0W4,The Coffee,,False,4,"Name: Mocca Coffee & Meals
link: https://www.google.com/maps/search/Mocca+Coffee+%26+Meals/@-19.982694199999997,-43.945007100000005?authuser=0&hl=zh-TW&entry=ttu
Reviews: 1095 reviews

Name: Cafe da Serra
link: https://www.google.com/maps/search/Caf%C3%A9+da+Serra/@-19.9820361,-43.9444143?authuser=0&hl=zh-TW&entry=ttu
Reviews: 28 reviews

Name: COFFEE SHOP
link: https://www.google.com/maps/search/COFFEE+SHOP/@-19.9808067,-43.9444625?authuser=0&hl=zh-TW&entry=ttu
Reviews: 6 reviews

Name: Coffee and Company Brasil
link: https://www.google.com/maps/search/Coffee+and+Company+Brasil/@-19.982513,-43.9456905?authuser=0&hl=zh-TW&entry=ttu
Reviews: 1 reviews",https://thecoffee.jp/shortcut/brasil/nova-lima/the-coffee-edificio-concordia,The Coffee (Ye Zhu ),https://www.google.com/maps/contrib/114552754093123856633,https://lh5.googleusercontent.com/p/AF1QipNhAw1KfZj9O2osKamkIyNWEABPGphGHiqDqp_S=w408-h306-k-no,Ka Pei Dian ,Ka Pei Dian ,5,07:30-19:00,"Xing Qi Ri , Xing Qi Liu ",+55 41 99279-7895,"The Coffee - Alameda Oscar Niemeyer, 132 - Vale do Sereno, Nova Lima - MG, 34006-049Ba Xi ",,https://www.google.com/maps/place/The+Coffee/data=!4m7!3m6!1s0xa6976dff9b9a1b:0x6ed11c7e62843188!8m2!3d-19.9838027!4d-43.9462738!16s%2Fg%2F11trggzjt0!19sChIJG5qb_22XpgARiDGEYn4c0W4?authuser=0&hl=zh-TW&rclk=1
ChIJ8eHAfgCXpgARCSc6Z_GaDfQ,American Day-buritis,,False,4,,https://instagram.com/americandaybrasil%3Figshid%3DNzZlODBkYWE4Ng%3D%3D,American Day-buritis (Ye Zhu ),https://www.google.com/maps/contrib/107418767554772992258,https://lh5.googleusercontent.com/p/AF1QipNjIMq0EWLhj4rZLIWIYxUQa4PQB5u73RZ9XMlE=w408-h725-k-no,Ka Pei Dian ,Ka Pei Dian ,5,09:00-20:00,Open All Days,+55 31 99157-6804,"American Day-buritis - Av. Professor Mario Werneck, 1491 - Buritis, Belo Horizonte - MG, 30455-610Ba Xi ",,https://www.google.com/maps/place/American+Day-buritis/data=!4m7!3m6!1s0xa697007ec0e1f1:0xf40d9af1673a2709!8m2!3d-19.9692138!4d-43.9645168!16s%2Fg%2F11vm0gcfjs!19sChIJ8eHAfgCXpgARCSc6Z_GaDfQ?authuser=0&hl=zh-TW&rclk=1
ChIJKWWGhPSjpgARK9ZYHzm516w,Cafe Matula,,False,2,,http://www.instagram.com/cafematula,Cafe Matula (Ye Zhu ),https://www.google.com/maps/contrib/117549912400618543271,https://lh5.googleusercontent.com/p/AF1QipOCDoFEKuDVo8Khq_OODZ0va73PZmv-aLDKc32f=w408-h724-k-no,Ka Pei Dian ,Ka Pei Dian ,4,11:00-19:00,"Xing Qi Yi , Xing Qi Er ",+55 31 98518-7342,"Cafe Matula - R. Dona Maria da Gloria, 184 - Sao Sebastiao das Aguas Claras, Nova Lima - MG, 34009-090Ba Xi ",,https://www.google.com/maps/place/Caf%C3%A9+Matula/data=!4m7!3m6!1s0xa6a3f484866529:0xacd7b9391f58d62b!8m2!3d-20.0440219!4d-43.9158039!16s%2Fg%2F11v5prtrxy!19sChIJKWWGhPSjpgARK9ZYHzm516w?authuser=0&hl=zh-TW&rclk=1
ChIJkyMSijiZpgARpzWUHdHu9Rs,Cacau Show,,False,1,"Name: Cacau Show
link: https://www.google.com/maps/search/Cacau+Show/@-19.9834566,-43.850453699999996?authuser=0&hl=zh-TW&entry=ttu
Reviews: 72 reviews

Name: Cacau Show
link: https://www.google.com/maps/search/Cacau+Show/@-20.0624574,-43.9785602?authuser=0&hl=zh-TW&entry=ttu
Reviews: 35 reviews

Name: Cacau Show
link: https://www.google.com/maps/search/Cacau+Show/@-19.9325615,-43.935195400000005?authuser=0&hl=zh-TW&entry=ttu
Reviews: 9 reviews

Name: Cacau Show
link: https://www.google.com/maps/search/Cacau+Show/@-19.889724500000003,-43.9282476?authuser=0&hl=zh-TW&entry=ttu
Reviews: 9 reviews

Name: Chocolates Brasil Cacau
link: https://www.google.com/maps/search/Chocolates+Brasil+Cacau/@-19.983999999999998,-43.851200299999995?authuser=0&hl=zh-TW&entry=ttu
Reviews: 4 reviews",https://www.cacaushow.com.br/,Cacau Show (Ye Zhu ),https://www.google.com/maps/contrib/115825836356874494576,https://lh5.googleusercontent.com/p/AF1QipMQOMls-R_y7PKVGarxPZtxlfsLtBmqNIv4ATs1=w426-h240-k-no,Qiao Ke Li Gong Chang ,"Qiao Ke Li Gong Chang , Tang Guo Dian , Qiao Ke Li Gong Jiang , Ka Pei Dian , Xue Gao Dian ",5,10:00-20:00,Xing Qi Ri ,+55 31 7240-0347,"Cacau Show - Rod. Januario Carneiro, 1645 - Pau Pombo, Nova Lima - MG, 34000-000Ba Xi ",,https://www.google.com/maps/place/Cacau+Show/data=!4m7!3m6!1s0xa699388a122393:0x1bf5eed11d9435a7!8m2!3d-20.0000423!4d-43.891595!16s%2Fg%2F11rr2ck7l0!19sChIJkyMSijiZpgARpzWUHdHu9Rs?authuser=0&hl=zh-TW&rclk=1
ChIJp47lj-ejpgARkw47VzX5XkQ,Barnett,,False,,"Name: Mocca Coffee & Meals
link: https://www.google.com/maps/search/Mocca+Coffee+%26+Meals/@-19.982694199999997,-43.945007100000005?authuser=0&hl=zh-TW&entry=ttu
Reviews: 1095 reviews

Name: OssO - Serena Mall
link: https://www.google.com/maps/search/OssO+-+Serena+Mall/@-19.986912,-43.93946150000001?authuser=0&hl=zh-TW&entry=ttu
Reviews: 334 reviews

Name: Cafe da Serra
link: https://www.google.com/maps/search/Caf%C3%A9+da+Serra/@-19.9820361,-43.9444143?authuser=0&hl=zh-TW&entry=ttu
Reviews: 28 reviews

Name: Cafe Menezes
link: https://www.google.com/maps/search/Caf%C3%A9+Menezes/@-19.9794674,-43.938963799999996?authuser=0&hl=zh-TW&entry=ttu
Reviews: 3 reviews

Name: Coffee and Company Brasil
link: https://www.google.com/maps/search/Coffee+and+Company+Brasil/@-19.982513,-43.9456905?authuser=0&hl=zh-TW&entry=ttu
Reviews: 1 reviews",https://www.barnett.com.br/,Barnett (Ye Zhu ),https://www.google.com/maps/contrib/117821481954313804456,https://streetviewpixels-pa.googleapis.com/v1/thumbnail?panoid=sxChq2B-gmGUe1lXID3-cg&cb_client=search.gws-prod.gps&w=408&h=240&yaw=252.00049&pitch=0&thumbfov=100,Ka Pei Dian ,"Ka Pei Dian , Mei Shi Can Che Dian , Xue Gao Dian ",,,Open All Days,,"Barnett, Serena Mall - Rod. Januario Carneiro, 8625 - Quiosque 14 - Vale do Sereno, Nova Lima - MG, 34004-817Ba Xi ",,https://www.google.com/maps/place/Barnett/data=!4m7!3m6!1s0xa6a3e78fe58ea7:0x445ef935573b0e93!8m2!3d-19.986924!4d-43.9394049!16s%2Fg%2F11pdmvz4dl!19sChIJp47lj-ejpgARkw47VzX5XkQ?authuser=0&hl=zh-TW&rclk=1
ChIJ60PCwRyYpgARxvfKsD7LzbU,Mocca Coffee & Meals,,False,1095,"Name: Du Pain & C.A - Vila da Serra
link: https://www.google.com/maps/search/Du+Pain+%26+C.A+-+Vila+da+Serra/@-19.9822852,-43.943852299999996?authuser=0&hl=zh-TW&entry=ttu
Reviews: 258 reviews

Name: Uluru Cafe - Vila da Serra
link: https://www.google.com/maps/search/Uluru+Caf%C3%A9+-+Vila+da+Serra/@-19.9752173,-43.9376739?authuser=0&hl=zh-TW&entry=ttu
Reviews: 123 reviews

Name: Cafe da Serra
link: https://www.google.com/maps/search/Caf%C3%A9+da+Serra/@-19.9820361,-43.9444143?authuser=0&hl=zh-TW&entry=ttu
Reviews: 28 reviews

Name: Mais1 Cafe - Vila da Serra
link: https://www.google.com/maps/search/Mais1+Caf%C3%A9+-+Vila+da+Serra/@-19.975235299999998,-43.9377748?authuser=0&hl=zh-TW&entry=ttu
Reviews: 26 reviews",,Mocca Coffee & Meals (Ye Zhu ),https://www.google.com/maps/contrib/103672691855472754655,https://lh5.googleusercontent.com/p/AF1QipMXM4piNdoc0kebcQUNjTDFQWpbowH1yzfK6dKU=w426-h240-k-no,Ka Pei Dian ,Ka Pei Dian ,4.4,08:00-20:00,Open All Days,+55 31 3656-7404,"Mocca Coffee & Meals - Alameda do Inga, 16 - Vila da Serra, Nova Lima - MG, 34000-000Ba Xi ","Wu Can , Zhuang Xiu , Jing Yan , Hui Yi , Leng , Fen Wei , Qian Cai , Wang Lu , She Ying ",https://www.google.com/maps/place/Mocca+Coffee+%26+Meals/data=!4m7!3m6!1s0xa6981cc1c243eb:0xb5cdcb3eb0caf7c6!8m2!3d-19.9826942!4d-43.9450071!16s%2Fg%2F11clyt2rk7!19sChIJ60PCwRyYpgARxvfKsD7LzbU?authuser=0&hl=zh-TW&rclk=1
ChIJXWlmESqgpgAR1cpAfr2iP-4,Padaria Estrada Real,,False,108,"Name: Restaurante Rancho Parada Real
link: https://www.google.com/maps/search/Restaurante+Rancho+Parada+Real/@-20.0261435,-43.82876830000001?authuser=0&hl=zh-TW&entry=ttu
Reviews: 382 reviews

Name: Pizzaria Estrada Real
link: https://www.google.com/maps/search/Pizzaria+Estrada+Real/@-20.022122100000004,-43.823986?authuser=0&hl=zh-TW&entry=ttu
Reviews: 161 reviews

Name: Padaria e Lanchonete Lider
link: https://www.google.com/maps/search/Padaria+e+Lanchonete+L%C3%ADder/@-20.0239504,-43.8236613?authuser=0&hl=zh-TW&entry=ttu
Reviews: 141 reviews

Name: E de pizza
link: https://www.google.com/maps/search/%C3%89+de+pizza/@-20.0246948,-43.830614999999995?authuser=0&hl=zh-TW&entry=ttu
Reviews: 1 reviews",,Padaria Estrada Real (Ye Zhu ),,https://lh5.googleusercontent.com/p/AF1QipP7H_5KNFzJCRK-oZmzb1bOmR0bO7vZRHGnmplV=w408-h544-k-no,Ka Pei Ting ,Ka Pei Ting ,4.3,06:30-20:00,Open All Days,+55 31 3541-6296,"Padaria Estrada Real - R. Conceicao Maria Duarte, 112 - Honorio Bicalho, Nova Lima - MG, 34000-000Ba Xi ","Mian Bao , Jia Ge ",https://www.google.com/maps/place/Padaria+Estrada+Real/data=!4m7!3m6!1s0xa6a02a1166695d:0xee3fa2bd7e40cad5!8m2!3d-20.0217617!4d-43.8251713!16s%2Fg%2F11cn9nsqxr!19sChIJXWlmESqgpgAR1cpAfr2iP-4?authuser=0&hl=zh-TW&rclk=1
ChIJGSEknxmfpgARYOB17lU5V7A,Antonella Lanches Ltda,,False,53,"Name: Padaria Dona Dina
link: https://www.google.com/maps/search/Padaria+Dona+Dina/@-19.982611700000003,-43.8462834?authuser=0&hl=zh-TW&entry=ttu
Reviews: 76 reviews

Name: Pastel e Cia
link: https://www.google.com/maps/search/Pastel+e+Cia/@-19.991284,-43.847505?authuser=0&hl=zh-TW&entry=ttu
Reviews: 26 reviews

Name: Like Lanches
link: https://www.google.com/maps/search/Like+Lanches/@-19.9831154,-43.8496484?authuser=0&hl=zh-TW&entry=ttu
Reviews: 0 reviews",,Antonella Lanches Ltda (Ye Zhu ),,https://lh5.googleusercontent.com/p/AF1QipOdRCj_kSCkujXCUpEPqJPLBVA7lp4BobV6g0dG=w408-h298-k-no,Ka Pei Ting ,Ka Pei Ting ,4.8,07:00-19:00,"Xing Qi Ri , Xing Qi Yi , Xing Qi Er ",+55 31 3694-1984,"Antonella Lanches Ltda - R. Antonio Jardim, 528 - loja A/B - Centro, Nova Lima - MG, 34000-000Ba Xi ",,https://www.google.com/maps/place/Antonella+Lanches+Ltda/data=!4m7!3m6!1s0xa69f199f242119:0xb0573955ee75e060!8m2!3d-19.9845909!4d-43.8445167!16s%2Fg%2F11gd1vcj3n!19sChIJGSEknxmfpgARYOB17lU5V7A?authuser=0&hl=zh-TW&rclk=1
ChIJvYJdJ_1bpgAREsM-azg6ciQ,Alquimia Experience BH,,False,46,"Name: BooKafe
link: https://www.google.com/maps/search/BooKaf%C3%A9/@-19.4642019,-44.2426538?authuser=0&hl=zh-TW&entry=ttu
Reviews: 463 reviews

Name: Espaco Herbalife Nutrimais
link: https://www.google.com/maps/search/Espa%C3%A7o+Herbalife+Nutrimais/@-19.457739800000002,-44.2474387?authuser=0&hl=zh-TW&entry=ttu
Reviews: 50 reviews

Name: Cafe Sabor e Aroma
link: https://www.google.com/maps/search/Caf%C3%A9+Sabor+e+Aroma/@-19.4810645,-44.2357255?authuser=0&hl=zh-TW&entry=ttu
Reviews: 36 reviews

Name: Cafe boutique Sante
link: https://www.google.com/maps/search/Caf%C3%A9+boutique+Sant%C3%AA/@-19.4600328,-44.2446954?authuser=0&hl=zh-TW&entry=ttu
Reviews: 14 reviews

Name: Cafe Mineiro
link: https://www.google.com/maps/search/Caf%C3%A9+Mineiro/@-19.4653322,-44.2471768?authuser=0&hl=zh-TW&entry=ttu
Reviews: 3 reviews",,Alquimia Experience BH (Ye Zhu ),https://www.google.com/maps/contrib/102987197227977367741,https://lh5.googleusercontent.com/p/AF1QipOWFA6-xCTkbLi0e7QrwOyZx5ZDwkjD9Cq8MM9t=w408-h544-k-no,Ka Pei Dian ,"Ka Pei Dian , Ka Pei Hong Bei Shang , Tian Pin Dian , Zheng Liu Ka Pei Ba , Gao Ji Shi Cai Dian ",4.9,11:00-20:00,Xing Qi Yi ,+55 31 99470-8381,"Alquimia Experience BH - R. Adriano Chaves e Matos, 447 - Olhos D'Agua, Belo Horizonte - MG, 30390-402Ba Xi ",Chan Pin ,https://www.google.com/maps/place/Alquimia+Experience+BH/data=!4m7!3m6!1s0xa65bfd275d82bd:0x24723a386b3ec312!8m2!3d-19.9905397!4d-43.9582058!16s%2Fg%2F11h38ycs76!19sChIJvYJdJ_1bpgAREsM-azg6ciQ?authuser=0&hl=zh-TW&rclk=1
ChIJf19jyqa7pgARSLMJca6rQ3s,Irmaos Empada,,False,34,"Name: Restaurante Gulosita
link: https://www.google.com/maps/search/Restaurante+Gulosit%C3%A1/@-20.059021299999998,-43.987337100000005?authuser=0&hl=zh-TW&entry=ttu
Reviews: 355 reviews

Name: Legitimo Rei da Empada
link: https://www.google.com/maps/search/Leg%C3%ADtimo+Rei+da+Empada/@-19.9831187,-43.8528887?authuser=0&hl=zh-TW&entry=ttu
Reviews: 71 reviews

Name: Restaurante Marina Grill
link: https://www.google.com/maps/search/Restaurante+Marina+Grill/@-20.072097700000004,-43.9842052?authuser=0&hl=zh-TW&entry=ttu
Reviews: 14 reviews

Name: Temperinho da Mamae
link: https://www.google.com/maps/search/Temperinho+da+Mam%C3%A3e/@-20.0691935,-43.9827096?authuser=0&hl=zh-TW&entry=ttu
Reviews: 1 reviews",,Irmaos Empada (Ye Zhu ),https://www.google.com/maps/contrib/112992949013353775638,https://lh5.googleusercontent.com/p/AF1QipNQU7OB7GYhbzTnPln3ZrnwOmudriT2HZF3FAjN=w426-h240-k-no,Can Ting ,"Can Ting , Ka Pei Dian ",4.8,06:00-21:00,Xing Qi Ri ,+55 31 98440-8017,"Irmaos Empada - Av. Toronto, 750 - Jardim Canada, Nova Lima - MG, 34000-000Ba Xi ",,https://www.google.com/maps/place/Irm%C3%A3os+Empada/data=!4m7!3m6!1s0xa6bba6ca635f7f:0x7b43abae7109b348!8m2!3d-20.0649509!4d-43.9801927!16s%2Fg%2F11fnnmfgb3!19sChIJf19jyqa7pgARSLMJca6rQ3s?authuser=0&hl=zh-TW&rclk=1
ChIJ56KwlK2XpgAR7BSEmIJ_BHw,Cafe da Serra,,False,28,"Name: Uluru Cafe - Vila da Serra
link: https://www.google.com/maps/search/Uluru+Caf%C3%A9+-+Vila+da+Serra/@-19.9752173,-43.9376739?authuser=0&hl=zh-TW&entry=ttu
Reviews: 123 reviews

Name: Mais1 Cafe - Vila da Serra
link: https://www.google.com/maps/search/Mais1+Caf%C3%A9+-+Vila+da+Serra/@-19.975235299999998,-43.9377748?authuser=0&hl=zh-TW&entry=ttu
Reviews: 26 reviews

Name: Villa Cafe - (Vale do Sereno)
link: https://www.google.com/maps/search/Villa+Caf%C3%A9+-+%28Vale+do+Sereno%29/@-19.9808134,-43.9454245?authuser=0&hl=zh-TW&entry=ttu
Reviews: 8 reviews

Name: Coffee and Company Brasil
link: https://www.google.com/maps/search/Coffee+and+Company+Brasil/@-19.982513,-43.9456905?authuser=0&hl=zh-TW&entry=ttu
Reviews: 1 reviews",,Cafe da Serra (Ye Zhu ),https://www.google.com/maps/contrib/116833658577044070046,https://lh5.googleusercontent.com/p/AF1QipP7Y5TTSrxA8myTbqXwCNmiCzYC8w3x_W9cU58i=w408-h544-k-no,Ka Pei Dian ,Ka Pei Dian ,4.2,07:00-18:00,Xing Qi Ri ,+55 31 97154-2587,"Cafe da Serra - Alameda Oscar Niemeyer, 322 - loja 02 - Vale do Sereno, Nova Lima - MG, 34006-049Ba Xi ","Jia Ge , Pan , Wu Can , Di Qu , Zhuo , Huan Jing ",https://www.google.com/maps/place/Caf%C3%A9+da+Serra/data=!4m7!3m6!1s0xa697ad94b0a2e7:0x7c047f82988414ec!8m2!3d-19.9820361!4d-43.9444143!16s%2Fg%2F11p77hkq5m!19sChIJ56KwlK2XpgAR7BSEmIJ_BHw?authuser=0&hl=zh-TW&rclk=1
ChIJYc4qqTmZpgAR6wmTBxcKwYw,Alessa Vila da Serra,,False,11,"Name: Alessa Mangabeiras
link: https://www.google.com/maps/search/Alessa+Mangabeiras/@-19.950332799999998,-43.9218329?authuser=0&hl=zh-TW&entry=ttu
Reviews: 228 reviews

Name: Alessa Belvedere
link: https://www.google.com/maps/search/Alessa+Belvedere/@-19.970808599999998,-43.9419006?authuser=0&hl=zh-TW&entry=ttu
Reviews: 27 reviews

Name: Mais1 Cafe - Vila da Serra
link: https://www.google.com/maps/search/Mais1+Caf%C3%A9+-+Vila+da+Serra/@-19.975235299999998,-43.9377748?authuser=0&hl=zh-TW&entry=ttu
Reviews: 26 reviews",,Alessa Vila da Serra (Ye Zhu ),https://www.google.com/maps/contrib/117660925283687731781,https://lh5.googleusercontent.com/p/AF1QipOWHYDwhJOjVPpRErvv1ObdAFKREjj00k_u8iJS=w408-h402-k-no,Xue Gao Dian ,"Xue Gao Dian , Tang Guo Dian , Ka Pei Dian ",4.2,,Open All Days,+55 31 3657-2224,"Alessa Vila da Serra - Alameda Oscar Niemeyer, 1369 - Loja 47 - Vila da Serra, Nova Lima - MG, 34006-065Ba Xi ",,https://www.google.com/maps/place/Alessa+Vila+da+Serra/data=!4m7!3m6!1s0xa69939a92ace61:0x8cc10a17079309eb!8m2!3d-19.9752705!4d-43.9386508!16s%2Fg%2F11h5lw8zqw!19sChIJYc4qqTmZpgAR6wmTBxcKwYw?authuser=0&hl=zh-TW&rclk=1
ChIJm2XwVaufpgARKm6HvrXF7P4,Bonfim Lanches,,False,8,"Name: Fina Formiga
link: https://www.google.com/maps/search/Fina+Formiga/@-19.9842184,-43.853893799999994?authuser=0&hl=zh-TW&entry=ttu
Reviews: 98 reviews

Name: Antonella Lanches Ltda
link: https://www.google.com/maps/search/Antonella+Lanches+Ltda/@-19.9845909,-43.8445167?authuser=0&hl=zh-TW&entry=ttu
Reviews: 53 reviews

Name: Kfe
link: https://www.google.com/maps/search/Kfe/@-19.9831935,-43.8512811?authuser=0&hl=zh-TW&entry=ttu
Reviews: 6 reviews

Name: bk lanches
link: https://www.google.com/maps/search/bk+lanches/@-19.9884296,-43.8458439?authuser=0&hl=zh-TW&entry=ttu
Reviews: 0 reviews",,Bonfim Lanches (Ye Zhu ),,https://streetviewpixels-pa.googleapis.com/v1/thumbnail?panoid=zoyU_J4FY4g_k7di6PAQ9A&cb_client=search.gws-prod.gps&w=408&h=240&yaw=232.78508&pitch=0&thumbfov=100,Ka Pei Dian ,Ka Pei Dian ,5,07:00-18:00,Xing Qi Ri ,,"Bonfim Lanches - R. Getulio Vargas, 03 - Centro, Nova Lima - MG, 34000-000Ba Xi ",,https://www.google.com/maps/place/Bonfim+Lanches/data=!4m7!3m6!1s0xa69fab55f0659b:0xfeecc5b5be876e2a!8m2!3d-19.9870551!4d-43.8463301!16s%2Fg%2F11hx3m532z!19sChIJm2XwVaufpgARKm6HvrXF7P4?authuser=0&hl=zh-TW&rclk=1
ChIJOUOrFyOfpgARCX4_r8Q2YNk,Kfe,,False,6,"Name: Cafe da Serra
link: https://www.google.com/maps/search/Caf%C3%A9+da+Serra/@-19.9820361,-43.9444143?authuser=0&hl=zh-TW&entry=ttu
Reviews: 28 reviews

Name: Villa Cafe - (Vale do Sereno)
link: https://www.google.com/maps/search/Villa+Caf%C3%A9+-+%28Vale+do+Sereno%29/@-19.9808134,-43.9454245?authuser=0&hl=zh-TW&entry=ttu
Reviews: 8 reviews",,Kfe (Ye Zhu ),,https://lh5.googleusercontent.com/p/AF1QipPV18rPRJEz-_toks6RggowTGtncYl8WJm5V_JD=w408-h612-k-no,Ka Pei Dian ,Ka Pei Dian ,4.8,09:00-18:00,Xing Qi Ri ,,"Kfe - R. Santa Cruz, 80 - Rosario, Nova Lima - MG, 34000-000Ba Xi ",,https://www.google.com/maps/place/Kfe/data=!4m7!3m6!1s0xa69f2317ab4339:0xd96036c4af3f7e09!8m2!3d-19.9831935!4d-43.8512811!16s%2Fg%2F11dx8l98wb!19sChIJOUOrFyOfpgARCX4_r8Q2YNk?authuser=0&hl=zh-TW&rclk=1
ChIJC6luh567pgARfBqd2xPxqgo,Lanche Mais,,False,6,"Name: Lanchonete Lanche Bem
link: https://www.google.com/maps/search/Lanchonete+Lanche+Bem/@-20.071578900000002,-43.9864578?authuser=0&hl=zh-TW&entry=ttu
Reviews: 52 reviews

Name: Lanchonete da Vovo
link: https://www.google.com/maps/search/Lanchonete+da+Vov%C3%B3/@-20.0550438,-43.9879211?authuser=0&hl=zh-TW&entry=ttu
Reviews: 50 reviews

Name: Expresso Lanches
link: https://www.google.com/maps/search/Expresso+Lanches/@-20.0627409,-43.980566599999996?authuser=0&hl=zh-TW&entry=ttu
Reviews: 22 reviews

Name: Lanchonete Tudo De Bom Lanches
link: https://www.google.com/maps/search/Lanchonete+Tudo+De+Bom+Lanches/@-20.0689968,-43.9859119?authuser=0&hl=zh-TW&entry=ttu
Reviews: 21 reviews",,Lanche Mais (Ye Zhu ),,https://lh5.googleusercontent.com/p/AF1QipPfo-2VkQkegl4irXHlAZW-zKtdN5cGXq38DAzS=w408-h725-k-no,Ka Pei Ting ,Ka Pei Ting ,4.7,08:00-20:00,Xing Qi Ri ,+55 31 99733-2885,"Lanche Mais - R. Kenton, 75 - Jardim Canada, Nova Lima - MG, 34000-000Ba Xi ",,https://www.google.com/maps/place/Lanche+Mais/data=!4m7!3m6!1s0xa6bb9e876ea90b:0xaaaf113db9d1a7c!8m2!3d-20.0614422!4d-43.9841723!16s%2Fg%2F11c0pnpy7s!19sChIJC6luh567pgARfBqd2xPxqgo?authuser=0&hl=zh-TW&rclk=1
ChIJB4tpyxmfpgARKuampcJCe0Y,Espaco Herbalife Nutrition Nova Lima / Espaco de Vida Saudavel,,False,6,"Name: Espaco Herbalife Nutrition Cidade Nova
link: https://www.google.com/maps/search/Espa%C3%A7o+Herbalife+Nutrition+Cidade+Nova/@-19.890056599999998,-43.9274146?authuser=0&hl=zh-TW&entry=ttu
Reviews: 49 reviews

Name: Healthy Living Space Herbalife
link: https://www.google.com/maps/search/Healthy+Living+Space+Herbalife/@-19.918736499999998,-43.939276899999996?authuser=0&hl=zh-TW&entry=ttu
Reviews: 14 reviews

Name: Espaco Vida Saudavel Herbalife - Vila da Serra
link: https://www.google.com/maps/search/Espa%C3%A7o+Vida+Saud%C3%A1vel+Herbalife+-+Vila+da+Serra/@-19.982971,-43.945091999999995?authuser=0&hl=zh-TW&entry=ttu
Reviews: 5 reviews

Name: cozinha de nutri
link: https://www.google.com/maps/search/cozinha+de+nutri/@-20.0009393,-43.887771199999996?authuser=0&hl=zh-TW&entry=ttu
Reviews: 1 reviews",,Espaco Herbalife Nutrition Nova Lima / Espaco de Vida Saudavel (Ye Zhu ),https://www.google.com/maps/contrib/111538178286761641156,https://lh5.googleusercontent.com/p/AF1QipNGDPY6W4wJuif5yoiPzX9yCciOeFfGK9TO0IhK=w427-h240-k-no,Jian Kang Ji Hua ,"Jian Kang Ji Hua , Cha Yi Guan ",5,11:30-13:30,"Xing Qi Ri , Xing Qi Liu ",+55 31 98329-7659,"Espaco Herbalife Nutrition Nova Lima / Espaco de Vida Saudavel - R. Albertina Lopes Guimaraes, 460 - Cascalho, Nova Lima - MG, 34002-330Ba Xi ",,https://www.google.com/maps/place/Espa%C3%A7o+Herbalife+Nutrition+Nova+Lima+%2F+Espa%C3%A7o+de+Vida+Saud%C3%A1vel/data=!4m7!3m6!1s0xa69f19cb698b07:0x467b42c2a5a6e62a!8m2!3d-19.9910618!4d-43.8519147!16s%2Fg%2F11f29_xcm2!19sChIJB4tpyxmfpgARKuampcJCe0Y?authuser=0&hl=zh-TW&rclk=1
ChIJi7BJSUSXpgAR8ZN26gfgURQ,Mocca Coffee & Meals,,False,6,"Name: McCafe
link: https://www.google.com/maps/search/McCaf%C3%A9/@-19.874098699999998,-43.9263064?authuser=0&hl=zh-TW&entry=ttu
Reviews: 49 reviews

Name: Coffee with Art
link: https://www.google.com/maps/search/Coffee+with+Art/@-19.963731,-43.940315999999996?authuser=0&hl=zh-TW&entry=ttu
Reviews: 40 reviews

Name: Familia do Queijo
link: https://www.google.com/maps/search/Fam%C3%ADlia+do+Queijo/@-19.9735834,-43.9467661?authuser=0&hl=zh-TW&entry=ttu
Reviews: 7 reviews

Name: Cantinho do sabor
link: https://www.google.com/maps/search/Cantinho+do+sabor/@-19.9588441,-43.946191?authuser=0&hl=zh-TW&entry=ttu
Reviews: 0 reviews",,Mocca Coffee & Meals (Ye Zhu ),https://www.google.com/maps/contrib/105022434817416695438,https://lh5.googleusercontent.com/p/AF1QipOg2NyGlpTS2B4uL6qwWfQKeRgJtI5BaURNS9OT=w408-h450-k-no,Ka Pei Dian ,Ka Pei Dian ,3.2,08:00-17:00,"Xing Qi Ri , Xing Qi Liu ",,"Mocca Coffee & Meals - Rua Maria Luiza Santiago, 200 - Santa Lucia, Belo Horizonte - MG, 30360-740Ba Xi ",,https://www.google.com/maps/place/Mocca+Coffee+%26+Meals/data=!4m7!3m6!1s0xa697444949b08b:0x1451e007ea7693f1!8m2!3d-19.9756324!4d-43.947866!16s%2Fg%2F11s6b4cfz3!19sChIJi7BJSUSXpgAR8ZN26gfgURQ?authuser=0&hl=zh-TW&rclk=1
ChIJif8PH9mhpgAR8O-KCkYmw9o,Padaria E Confeitaria Vivenda Doce,,False,2,"Name: Padaria e Lanchonete Lider
link: https://www.google.com/maps/search/Padaria+e+Lanchonete+L%C3%ADder/@-20.0239504,-43.8236613?authuser=0&hl=zh-TW&entry=ttu
Reviews: 141 reviews

Name: Padaria Estrada Real
link: https://www.google.com/maps/search/Padaria+Estrada+Real/@-20.0217617,-43.82517130000001?authuser=0&hl=zh-TW&entry=ttu
Reviews: 108 reviews

Name: Padaria vale da esperanca
link: https://www.google.com/maps/search/Padaria+vale+da+esperan%C3%A7a/@-19.998796799999997,-43.847954699999995?authuser=0&hl=zh-TW&entry=ttu
Reviews: 21 reviews

Name: Chup Chup Gourmet da Roza
link: https://www.google.com/maps/search/Chup+Chup+Gourmet+da+Roza/@-20.0219256,-43.8276829?authuser=0&hl=zh-TW&entry=ttu
Reviews: 15 reviews

Name: GB Restaurante
link: https://www.google.com/maps/search/GB+Restaurante/@-20.0216167,-43.824846199999996?authuser=0&hl=zh-TW&entry=ttu
Reviews: 1 reviews",,Padaria E Confeitaria Vivenda Doce (Ye Zhu ),,https://streetviewpixels-pa.googleapis.com/v1/thumbnail?panoid=75-ugvMDyi7s3qZL6nU8hg&cb_client=search.gws-prod.gps&w=408&h=240&yaw=68.785835&pitch=0&thumbfov=100,Ka Pei Ting ,Ka Pei Ting ,5,,Open All Days,,"Padaria E Confeitaria Vivenda Doce - R. Liberato Augusto, 32 - Honorio Bicalho, Nova Lima - MG, 34012-690Ba Xi ",,https://www.google.com/maps/place/Padaria+E+Confeitaria+Vivenda+Doce/data=!4m7!3m6!1s0xa6a1d91f0fff89:0xdac326460a8aeff0!8m2!3d-20.0217211!4d-43.8242065!16s%2Fg%2F11lgx1s7n3!19sChIJif8PH9mhpgAR8O-KCkYmw9o?authuser=0&hl=zh-TW&rclk=1
ChIJE5zAF8aXpgARb15-12bozms,Coffee and Company Brasil,,False,1,"Name: Ms Baker
link: https://www.google.com/maps/search/Ms+Baker/@-19.984641,-43.947269?authuser=0&hl=zh-TW&entry=ttu
Reviews: 46 reviews

Name: Cafe da Serra
link: https://www.google.com/maps/search/Caf%C3%A9+da+Serra/@-19.9820361,-43.9444143?authuser=0&hl=zh-TW&entry=ttu
Reviews: 28 reviews

Name: COFFEE SHOP
link: https://www.google.com/maps/search/COFFEE+SHOP/@-19.9808067,-43.9444625?authuser=0&hl=zh-TW&entry=ttu
Reviews: 6 reviews",,Coffee and Company Brasil (Ye Zhu ),,https://streetviewpixels-pa.googleapis.com/v1/thumbnail?panoid=plBz7n-ou5sQh_TzNUXJdA&cb_client=search.gws-prod.gps&w=408&h=240&yaw=321.91644&pitch=0&thumbfov=100,Ka Pei Dian ,Ka Pei Dian ,5,08:00-17:00,"Xing Qi Ri , Xing Qi Liu ",,"Coffee and Company Brasil - Alameda Oscar Niemyer, 119, pilotis - Vale do Sereno, Nova Lima - MG, 34006-056Ba Xi ",,https://www.google.com/maps/place/Coffee+and+Company+Brasil/data=!4m7!3m6!1s0xa697c617c09c13:0x6bcee866d77e5e6f!8m2!3d-19.982513!4d-43.9456905!16s%2Fg%2F11hyqh5c4v!19sChIJE5zAF8aXpgARb15-12bozms?authuser=0&hl=zh-TW&rclk=1
ChIJwakCXACfpgARLMGTtSQ3BkE,coffee and cake,,False,1,"Name: Kfe
link: https://www.google.com/maps/search/Kfe/@-19.9831935,-43.8512811?authuser=0&hl=zh-TW&entry=ttu
Reviews: 6 reviews",,coffee and cake (Ye Zhu ),,https://streetviewpixels-pa.googleapis.com/v1/thumbnail?panoid=q127KGniSKQD8kPSYRSTqg&cb_client=search.gws-prod.gps&w=408&h=240&yaw=317.24112&pitch=0&thumbfov=100,Ka Pei Dian ,Ka Pei Dian ,5,,Open All Days,+55 31 97114-2630,"coffee and cake - R. Rio Guapore - Nossa Sra. de Fatima, Nova Lima - MG, 34012-397Ba Xi ",,https://www.google.com/maps/place/coffee+and+cake/data=!4m7!3m6!1s0xa69f005c02a9c1:0x41063724b593c12c!8m2!3d-19.9989692!4d-43.843218!16s%2Fg%2F11p074cb1v!19sChIJwakCXACfpgARLMGTtSQ3BkE?authuser=0&hl=zh-TW&rclk=1
ChIJg1ARuCiZpgARU3p7NLt6y0s,Broa Prosa Cafeteria,,False,1,"Name: Mocca Coffee & Meals
link: https://www.google.com/maps/search/Mocca+Coffee+%26+Meals/@-19.982694199999997,-43.945007100000005?authuser=0&hl=zh-TW&entry=ttu
Reviews: 1095 reviews

Name: Ms Baker
link: https://www.google.com/maps/search/Ms+Baker/@-19.984641,-43.947269?authuser=0&hl=zh-TW&entry=ttu
Reviews: 46 reviews

Name: Cafe da Serra
link: https://www.google.com/maps/search/Caf%C3%A9+da+Serra/@-19.9820361,-43.9444143?authuser=0&hl=zh-TW&entry=ttu
Reviews: 28 reviews

Name: Villa Cafe - (Vale do Sereno)
link: https://www.google.com/maps/search/Villa+Caf%C3%A9+-+%28Vale+do+Sereno%29/@-19.9808134,-43.9454245?authuser=0&hl=zh-TW&entry=ttu
Reviews: 8 reviews

Name: Coffee and Company Brasil
link: https://www.google.com/maps/search/Coffee+and+Company+Brasil/@-19.982513,-43.9456905?authuser=0&hl=zh-TW&entry=ttu
Reviews: 1 reviews",,Broa Prosa Cafeteria (Ye Zhu ),,https://streetviewpixels-pa.googleapis.com/v1/thumbnail?panoid=vPp0Qr-3yAODc_RRKqSDMQ&cb_client=search.gws-prod.gps&w=408&h=240&yaw=197.73953&pitch=0&thumbfov=100,Ka Pei Dian ,Ka Pei Dian ,5,,Open All Days,,"Broa Prosa Cafeteria - Alameda do Inga, 520 - lj 04 - Vale do Sereno, Nova Lima - MG, 34006-069Ba Xi ",,https://www.google.com/maps/place/Broa+Prosa+Cafeteria/data=!4m7!3m6!1s0xa69928b8115083:0x4bcb7abb347b7a53!8m2!3d-19.9817464!4d-43.9408381!16s%2Fg%2F11jsfg0w8z!19sChIJg1ARuCiZpgARU3p7NLt6y0s?authuser=0&hl=zh-TW&rclk=1
ChIJR_NKQBWXpgARrwg47317UHE,Trailer Alexandre Lanches o Abencoado,,False,1,"Name: Trailer do Negao - (Vila da Serra)
link: https://www.google.com/maps/search/Trailer+do+Neg%C3%A3o+-+%28Vila+da+Serra%29/@-19.9812629,-43.9442514?authuser=0&hl=zh-TW&entry=ttu
Reviews: 8 reviews

Name: Trailer Explosao de Sabores
link: https://www.google.com/maps/search/Trailer+Explos%C3%A3o+de+Sabores/@-19.976654000000003,-43.8485933?authuser=0&hl=zh-TW&entry=ttu
Reviews: 5 reviews

Name: Coffee and Company Brasil
link: https://www.google.com/maps/search/Coffee+and+Company+Brasil/@-19.982513,-43.9456905?authuser=0&hl=zh-TW&entry=ttu
Reviews: 1 reviews

Name: Trailer Do NiL
link: https://www.google.com/maps/search/Trailer+Do+NiL/@-20.0391868,-43.9127951?authuser=0&hl=zh-TW&entry=ttu
Reviews: 1 reviews",,Trailer Alexandre Lanches o Abencoado (Ye Zhu ),,https://lh5.googleusercontent.com/p/AF1QipOdlO1beaQPc4JceeYONQyJzDMItH5yT4Oms9n1=w426-h240-k-no,Ka Pei Dian ,Ka Pei Dian ,5,05:40-19:30,"Xing Qi Ri , Xing Qi Liu ",+55 31 98203-8249,"Trailer Alexandre Lanches o Abencoado - R. da Paisagem, 30 - Vale do Sereno, Nova Lima - MG, 30320-202Ba Xi ",,https://www.google.com/maps/place/Trailer+Alexandre+Lanches+o+Aben%C3%A7oado/data=!4m7!3m6!1s0xa69715404af347:0x71507b7def3808af!8m2!3d-19.9807404!4d-43.9451252!16s%2Fg%2F11rz4t3631!19sChIJR_NKQBWXpgARrwg47317UHE?authuser=0&hl=zh-TW&rclk=1
ChIJM3_vqBOZpgARGj-SnCQgjtA,Urulu vila da serra,,False,,"Name: Du Pain & C.A - Vila da Serra
link: https://www.google.com/maps/search/Du+Pain+%26+C.A+-+Vila+da+Serra/@-19.9822852,-43.943852299999996?authuser=0&hl=zh-TW&entry=ttu
Reviews: 258 reviews

Name: Uluru Cafe - Vila da Serra
link: https://www.google.com/maps/search/Uluru+Caf%C3%A9+-+Vila+da+Serra/@-19.9752173,-43.9376739?authuser=0&hl=zh-TW&entry=ttu
Reviews: 123 reviews

Name: Mais1 Cafe - Vila da Serra
link: https://www.google.com/maps/search/Mais1+Caf%C3%A9+-+Vila+da+Serra/@-19.975235299999998,-43.9377748?authuser=0&hl=zh-TW&entry=ttu
Reviews: 26 reviews

Name: COFFEE SHOP
link: https://www.google.com/maps/search/COFFEE+SHOP/@-19.9808067,-43.9444625?authuser=0&hl=zh-TW&entry=ttu
Reviews: 6 reviews",,Urulu vila da serra (Ye Zhu ),,https://streetviewpixels-pa.googleapis.com/v1/thumbnail?panoid=Yy4WVkRiWLvjVPig6b04Tw&cb_client=search.gws-prod.gps&w=408&h=240&yaw=19.939745&pitch=0&thumbfov=100,Ka Pei Dian ,Ka Pei Dian ,,,Open All Days,,"Urulu vila da serra - Alameda Oscar Niemeyer - Vila da Serra, Nova Lima - MG, Ba Xi ",,https://www.google.com/maps/place/Urulu+vila+da+serra/data=!4m7!3m6!1s0xa69913a8ef7f33:0xd08e20249c923f1a!8m2!3d-19.9792417!4d-43.9427857!16s%2Fg%2F11s_t9zbyr!19sChIJM3_vqBOZpgARGj-SnCQgjtA?authuser=0&hl=zh-TW&rclk=1
ChIJ77ARLMyfpgARa2tJchs2xaM,Salgaderia & lanchonete Tia Augusta,,False,,,,Salgaderia & lanchonete Tia Augusta (Ye Zhu ),https://www.google.com/maps/contrib/101894549128787983653,https://lh5.googleusercontent.com/p/AF1QipMZyUyyumxsQxlcVt2mHWJnDKg71y7uW7lkK4iC=w408-h408-k-no,Ka Pei Dian ,Ka Pei Dian ,,06:30-21:00,Xing Qi Ri ,+55 31 3581-2109,"Salgaderia & lanchonete Tia Augusta - R. Curitiba, 123 - Cristais, Nova Lima - MG, 34003-022Ba Xi ",,https://www.google.com/maps/place/Salgaderia+%26+lanchonete+Tia+Augusta/data=!4m7!3m6!1s0xa69fcc2c11b0ef:0xa3c5361b72496b6b!8m2!3d-19.9944493!4d-43.8554957!16s%2Fg%2F11krl9jwf9!19sChIJ77ARLMyfpgARa2tJchs2xaM?authuser=0&hl=zh-TW&rclk=1
ChIJTTfUsgqfpgARobCHc3rt0nk,SALGADERIA DONA AUGUSTA,,False,,,,SALGADERIA DONA AUGUSTA (Ye Zhu ),https://www.google.com/maps/contrib/107150048008059918690,https://lh5.googleusercontent.com/p/AF1QipN6IBmGvv197Y_pzTGiy3qICB44OpakmGYB6gdv=w408-h408-k-no,Ka Pei Dian ,Ka Pei Dian ,,06:30-21:30,Xing Qi Ri ,+55 31 3581-2109,"SALGADERIA DONA AUGUSTA - R. Curitiba, 123 - Chacara dos Cristais, Nova Lima - MG, 34003-099Ba Xi ",,https://www.google.com/maps/place/SALGADERIA+DONA+AUGUSTA/data=!4m7!3m6!1s0xa69f0ab2d4374d:0x79d2ed7a7387b0a1!8m2!3d-19.9928116!4d-43.8537247!16s%2Fg%2F11krllcs1l!19sChIJTTfUsgqfpgARobCHc3rt0nk?authuser=0&hl=zh-TW&rclk=1
ChIJ35Nr5C-jpgARTP_oWWY2agI,Herry raetem,,False,,"Name: Mocca Coffee & Meals
link: https://www.google.com/maps/search/Mocca+Coffee+%26+Meals/@-19.982694199999997,-43.945007100000005?authuser=0&hl=zh-TW&entry=ttu
Reviews: 1095 reviews

Name: Cafe da Serra
link: https://www.google.com/maps/search/Caf%C3%A9+da+Serra/@-19.9820361,-43.9444143?authuser=0&hl=zh-TW&entry=ttu
Reviews: 28 reviews

Name: Coffee and Company Brasil
link: https://www.google.com/maps/search/Coffee+and+Company+Brasil/@-19.982513,-43.9456905?authuser=0&hl=zh-TW&entry=ttu
Reviews: 1 reviews",,Herry raetem (Ye Zhu ),,https://streetviewpixels-pa.googleapis.com/v1/thumbnail?panoid=B_skETFSkxa4p2Jbj0Hrow&cb_client=search.gws-prod.gps&w=408&h=240&yaw=226.28674&pitch=0&thumbfov=100,Zheng Liu Ka Pei Ba ,Zheng Liu Ka Pei Ba ,,,Open All Days,,"Herry raetem - Rod Br Mg030, 8625 - Nova Lima, MG, 30160-909Ba Xi ",,https://www.google.com/maps/place/Herry+raetem/data=!4m7!3m6!1s0xa6a32fe46b93df:0x26a366659e8ff4c!8m2!3d-19.9869948!4d-43.9392826!16s%2Fg%2F11t5_cywq5!19sChIJ35Nr5C-jpgARTP_oWWY2agI?authuser=0&hl=zh-TW&rclk=1
ChIJYcbMDnSZpgARxAWTYTb3GIo,Raquel Viegas Sa,,False,,,,Raquel Viegas Sa (Ye Zhu ),https://www.google.com/maps/contrib/113492330571289658628,https://streetviewpixels-pa.googleapis.com/v1/thumbnail?panoid=_lGIpwXC0xp-ePRUuJwa5A&cb_client=search.gws-prod.gps&w=408&h=240&yaw=2.878954&pitch=0&thumbfov=100,Zheng Liu Ka Pei Ba ,Zheng Liu Ka Pei Ba ,,,Open All Days,,"Raquel Viegas Sa - Alameda do Inga, 635 - Vale do Sereno, Nova Lima - MG, 34006-069Ba Xi ",,https://www.google.com/maps/place/Raquel+Viegas+Sa/data=!4m7!3m6!1s0xa699740eccc661:0x8a18f736619305c4!8m2!3d-19.9813267!4d-43.9406811!16s%2Fg%2F11v05f85rm!19sChIJYcbMDnSZpgARxAWTYTb3GIo?authuser=0&hl=zh-TW&rclk=1
